"Species" "C_T" "A_G" "T_C" "G_T" "A_C" "G_A" "A_T" "G_C" "C_A" "C_G" "T_A" "T_G" "BranchLength" "sumOfSubs" "C_T_fr" "A_G_fr" "T_C_fr" "G_T_fr" "A_C_fr" "G_A_fr" "A_T_fr" "G_C_fr" "C_A_fr" "C_G_fr" "T_A_fr" "T_G_fr"
"1" "3.11.1_Nasutitermes_exitiosus_1" 2 3 4 0 0 3 0 0 0 0 0 0 0.0309425494 12 0.166666666666667 0.25 0.333333333333333 0 0 0.25 0 0 0 0 0 0
"2" "3.12.2.AUS_Heterotermes_cf_occiduus_1" 21 35 24 5 3 23 6 2 5 1 1 0 0.1290936683 126 0.166666666666667 0.277777777777778 0.19047619047619 0.0396825396825397 0.0238095238095238 0.182539682539683 0.0476190476190476 0.0158730158730159 0.0396825396825397 0.00793650793650794 0.00793650793650794 0
"3" "3_15_2_AUS_Heterotermes_occidus_Australia_1" 27 27 29 4 3 15 3 2 6 0 4 2 0.1604127339 122 0.221311475409836 0.221311475409836 0.237704918032787 0.0327868852459016 0.0245901639344262 0.122950819672131 0.0245901639344262 0.0163934426229508 0.0491803278688525 0 0.0327868852459016 0.0163934426229508
"4" "3.15.6AUS_Heterotermes_platycephalus_Australia_1" 34 29 35 5 4 18 4 0 4 0 1 0 0.1273377259 134 0.253731343283582 0.216417910447761 0.261194029850746 0.0373134328358209 0.0298507462686567 0.134328358208955 0.0298507462686567 0 0.0298507462686567 0 0.00746268656716418 0
"5" "Ancistrotermes_pakistanicus_Thailand_1" 0 1 2 1 1 2 0 0 0 0 0 0 0.0762862864 7 0 0.142857142857143 0.285714285714286 0.142857142857143 0.142857142857143 0.285714285714286 0 0 0 0 0 0
"6" "AUS101_1" 1 0 1 0 0 1 0 0 1 0 0 0 0.0527743902 4 0.25 0 0.25 0 0 0.25 0 0 0.25 0 0 0
"7" "AUS102_1" 1 6 2 2 0 0 0 0 0 0 0 0 0.0572918691 11 0.0909090909090909 0.545454545454545 0.181818181818182 0.181818181818182 0 0 0 0 0 0 0 0
"8" "AUS103_Heterotermes_cf_paradoxus_1" 0 2 0 0 0 0 0 0 0 0 0 0 0.1148374104 2 0 1 0 0 0 0 0 0 0 0 0 0
"9" "AUS104_Schedorhinotermes_sp4_Australia_1" 1 4 0 1 0 0 1 0 0 0 0 0 0.1114764456 7 0.142857142857143 0.571428571428571 0 0.142857142857143 0 0 0.142857142857143 0 0 0 0 0
"10" "AUS109_Kalotermitidae_sp_E_Australia_1" 17 32 28 4 13 11 34 0 9 2 20 9 0.056771075 179 0.0949720670391061 0.17877094972067 0.156424581005587 0.0223463687150838 0.0726256983240224 0.0614525139664804 0.189944134078212 0 0.0502793296089385 0.0111731843575419 0.111731843575419 0.0502793296089385
"11" "AUS110_NODE_1_length_15815_cov_394767_ID_1911_1" 0 2 1 0 0 2 0 0 0 0 0 0 0.0373067543 5 0 0.4 0.2 0 0 0.4 0 0 0 0 0 0
"12" "AUS111_1" 8 14 10 0 0 3 2 0 0 1 0 0 0.0835819392 38 0.210526315789474 0.368421052631579 0.263157894736842 0 0 0.0789473684210526 0.0526315789473684 0 0 0.0263157894736842 0 0
"13" "AUS114_Microcerotermes_sp.H_1" 25 26 26 3 8 15 10 0 2 2 1 5 0.0486052758 123 0.203252032520325 0.211382113821138 0.211382113821138 0.024390243902439 0.0650406504065041 0.121951219512195 0.0813008130081301 0 0.016260162601626 0.016260162601626 0.00813008130081301 0.040650406504065
"14" "AUS11_Schedorhinotermes_spA_Australia_1" 21 18 30 6 3 7 6 2 6 0 6 2 0.1080004911 107 0.196261682242991 0.168224299065421 0.280373831775701 0.0560747663551402 0.0280373831775701 0.0654205607476635 0.0560747663551402 0.0186915887850467 0.0560747663551402 0 0.0560747663551402 0.0186915887850467
"15" "AUS121_Heterotermes_cf_paradoxus_1" 20 34 29 6 4 24 6 1 7 3 3 2 0.0826153438 139 0.143884892086331 0.244604316546763 0.20863309352518 0.0431654676258993 0.0287769784172662 0.172661870503597 0.0431654676258993 0.00719424460431655 0.0503597122302158 0.0215827338129496 0.0215827338129496 0.0143884892086331
"16" "AUS19_Ephelotermes_taylori_1" 41 41 41 4 18 20 21 4 14 3 15 5 0.0232415131 227 0.180616740088106 0.180616740088106 0.180616740088106 0.0176211453744493 0.079295154185022 0.0881057268722467 0.092511013215859 0.0176211453744493 0.0616740088105727 0.013215859030837 0.066079295154185 0.0220264317180617
"17" "AUS30_Microcerotermes_sp._1" 6 13 5 0 1 3 6 1 0 0 1 3 0.0656152556 39 0.153846153846154 0.333333333333333 0.128205128205128 0 0.0256410256410256 0.0769230769230769 0.153846153846154 0.0256410256410256 0 0 0.0256410256410256 0.0769230769230769
"18" "AUS46_Lophotermes_septentrionalis_1" 40 45 39 6 13 25 13 1 17 3 13 8 0.1702638119 223 0.179372197309417 0.201793721973094 0.174887892376682 0.0269058295964126 0.0582959641255605 0.112107623318386 0.0582959641255605 0.00448430493273543 0.0762331838565022 0.0134529147982063 0.0582959641255605 0.0358744394618834
"19" "AUS47_Heterotermes_vagus_Australia_1" 21 82 57 5 12 12 14 2 4 1 6 9 0.1418807645 225 0.0933333333333333 0.364444444444444 0.253333333333333 0.0222222222222222 0.0533333333333333 0.0533333333333333 0.0622222222222222 0.00888888888888889 0.0177777777777778 0.00444444444444444 0.0266666666666667 0.04
"20" "AUS49_Tumulitermes_sp._1" 39 41 59 7 15 21 21 3 14 2 19 6 0.0697737522 247 0.157894736842105 0.165991902834008 0.238866396761134 0.0283400809716599 0.0607287449392713 0.0850202429149798 0.0850202429149798 0.0121457489878543 0.0566801619433198 0.00809716599190283 0.0769230769230769 0.0242914979757085
"21" "AUS4_Amitermes_meridionalis_1" 26 35 27 5 13 27 11 3 12 4 11 10 0.0319648157 184 0.141304347826087 0.190217391304348 0.146739130434783 0.0271739130434783 0.0706521739130435 0.146739130434783 0.0597826086956522 0.016304347826087 0.0652173913043478 0.0217391304347826 0.0597826086956522 0.0543478260869565
"22" "AUS50_Heterotermes_validus_1" 28 29 32 6 3 25 7 0 8 1 2 2 0.1675016631 143 0.195804195804196 0.202797202797203 0.223776223776224 0.041958041958042 0.020979020979021 0.174825174825175 0.048951048951049 0 0.0559440559440559 0.00699300699300699 0.013986013986014 0.013986013986014
"23" "AUS57_Tumulitermes_recalvus_1" 28 46 24 6 11 19 20 1 8 1 7 5 0.023784927 176 0.159090909090909 0.261363636363636 0.136363636363636 0.0340909090909091 0.0625 0.107954545454545 0.113636363636364 0.00568181818181818 0.0454545454545455 0.00568181818181818 0.0397727272727273 0.0284090909090909
"24" "AUS5_Tumulitermes_sp._1" 29 39 35 5 10 6 20 0 8 2 6 3 0.0206754783 163 0.177914110429448 0.239263803680982 0.214723926380368 0.0306748466257669 0.0613496932515337 0.0368098159509202 0.122699386503067 0 0.049079754601227 0.0122699386503067 0.0368098159509202 0.0184049079754601
"25" "AUS66_Microcerotermes_sp.E_1" 19 69 50 6 9 17 6 2 11 1 4 7 0.0769674509 201 0.0945273631840796 0.343283582089552 0.248756218905473 0.0298507462686567 0.0447761194029851 0.0845771144278607 0.0298507462686567 0.00995024875621891 0.054726368159204 0.00497512437810945 0.0199004975124378 0.0348258706467662
"26" "AUS6_Microcerotermes_nervosus_1" 26 47 33 6 9 18 12 1 7 1 7 6 0.0634515144 173 0.15028901734104 0.271676300578035 0.190751445086705 0.0346820809248555 0.0520231213872832 0.104046242774566 0.069364161849711 0.00578034682080925 0.0404624277456647 0.00578034682080925 0.0404624277456647 0.0346820809248555
"27" "AUS73_Termes-group_sp.F_1" 7 11 8 0 1 2 1 0 2 0 0 1 0.0815148972 33 0.212121212121212 0.333333333333333 0.242424242424242 0 0.0303030303030303 0.0606060606060606 0.0303030303030303 0 0.0606060606060606 0 0 0.0303030303030303
"28" "AUS76_Microcerotermes_sp.F_1" 5 5 6 0 0 3 1 0 0 0 0 0 0.038614296 20 0.25 0.25 0.3 0 0 0.15 0.05 0 0 0 0 0
"29" "AUS82_Microcerotermes_sp.I_1" 24 39 46 5 7 20 7 0 7 3 10 6 0.0503944871 174 0.137931034482759 0.224137931034483 0.264367816091954 0.028735632183908 0.0402298850574713 0.114942528735632 0.0402298850574713 0 0.0402298850574713 0.0172413793103448 0.0574712643678161 0.0344827586206897
"30" "AUS87_Schedorhinotermes_breinli_Australia_1" 1 3 2 0 2 5 1 0 0 0 0 0 0.0686111033 14 0.0714285714285714 0.214285714285714 0.142857142857143 0 0.142857142857143 0.357142857142857 0.0714285714285714 0 0 0 0 0
"31" "AUS88_Heterotermes_cf_paradoxus_1" 0 0 1 0 0 0 0 0 0 0 0 0 0.1072847522 1 0 0 1 0 0 0 0 0 0 0 0 0
"32" "AUS89_NODE_1_length_15463_cov_359375_ID_1361_1" 37 80 33 10 71 20 84 6 14 3 40 42 0.102903061 440 0.0840909090909091 0.181818181818182 0.075 0.0227272727272727 0.161363636363636 0.0454545454545455 0.190909090909091 0.0136363636363636 0.0318181818181818 0.00681818181818182 0.0909090909090909 0.0954545454545455
"33" "AUS97_Nasutitermes_sp._1" 33 64 31 10 14 13 25 2 7 1 13 12 0.0821869452 225 0.146666666666667 0.284444444444444 0.137777777777778 0.0444444444444444 0.0622222222222222 0.0577777777777778 0.111111111111111 0.00888888888888889 0.0311111111111111 0.00444444444444444 0.0577777777777778 0.0533333333333333
"34" "AUSNAS_Nasutitermes_exitiosus_1" 0 6 8 1 0 2 0 0 0 0 0 0 0.0281467805 17 0 0.352941176470588 0.470588235294118 0.0588235294117647 0 0.117647058823529 0 0 0 0 0 0
"35" "AUST14-12_Stolotermes_victoriensis_1" 25 36 24 9 53 16 86 2 13 3 46 23 0.0423590642 336 0.0744047619047619 0.107142857142857 0.0714285714285714 0.0267857142857143 0.157738095238095 0.0476190476190476 0.255952380952381 0.00595238095238095 0.0386904761904762 0.00892857142857143 0.136904761904762 0.068452380952381
"36" "AUSTRALIANRPERTH_Coptotermes_michaelseni_1" 22 42 28 3 7 21 2 2 10 1 5 1 0.3419720194 144 0.152777777777778 0.291666666666667 0.194444444444444 0.0208333333333333 0.0486111111111111 0.145833333333333 0.0138888888888889 0.0138888888888889 0.0694444444444444 0.00694444444444444 0.0347222222222222 0.00694444444444444
"37" "BDIT022_Microcerotermes_parvus_1" 1 1 4 0 0 0 1 0 1 0 0 0 0.1027959698 8 0.125 0.125 0.5 0 0 0 0.125 0 0.125 0 0 0
"38" "BDIT026_Promirotermes_pygmaeus_1" 28 40 31 6 13 12 13 0 6 3 15 9 0.0559263835 176 0.159090909090909 0.227272727272727 0.176136363636364 0.0340909090909091 0.0738636363636364 0.0681818181818182 0.0738636363636364 0 0.0340909090909091 0.0170454545454545 0.0852272727272727 0.0511363636363636
"39" "BDIT034_Termes_hospes_1" 3 10 4 0 0 6 1 0 0 0 0 1 0.0419344884 25 0.12 0.4 0.16 0 0 0.24 0.04 0 0 0 0 0.04
"40" "BDIT049_Aderitotermes_sp.2_1" 33 33 38 5 15 10 16 5 11 0 10 4 0.041825276 180 0.183333333333333 0.183333333333333 0.211111111111111 0.0277777777777778 0.0833333333333333 0.0555555555555556 0.0888888888888889 0.0277777777777778 0.0611111111111111 0 0.0555555555555556 0.0222222222222222
"41" "BDIT051_Microtermes_sp_Burundi_1" 32 42 26 8 10 16 11 1 10 3 11 10 0.0695620528 180 0.177777777777778 0.233333333333333 0.144444444444444 0.0444444444444444 0.0555555555555556 0.0888888888888889 0.0611111111111111 0.00555555555555556 0.0555555555555556 0.0166666666666667 0.0611111111111111 0.0555555555555556
"42" "BDIT061_Alyscotermes_kilimandjaricus_1" 11 34 27 5 4 8 10 0 4 2 7 3 0.024111631 115 0.0956521739130435 0.295652173913043 0.234782608695652 0.0434782608695652 0.0347826086956522 0.0695652173913043 0.0869565217391304 0 0.0347826086956522 0.0173913043478261 0.0608695652173913 0.0260869565217391
"43" "BDIT062_Acholotermes_chirotus_1" 33 49 50 8 42 14 27 3 18 3 25 19 0.0386169997 291 0.11340206185567 0.168384879725086 0.171821305841924 0.0274914089347079 0.144329896907216 0.0481099656357388 0.0927835051546392 0.0103092783505155 0.0618556701030928 0.0103092783505155 0.0859106529209622 0.0652920962199313
"44" "BDIT073_Promirotermes_sp.A_1" 8 26 14 3 4 12 3 0 1 1 1 1 0.1007907459 74 0.108108108108108 0.351351351351351 0.189189189189189 0.0405405405405405 0.0540540540540541 0.162162162162162 0.0405405405405405 0 0.0135135135135135 0.0135135135135135 0.0135135135135135 0.0135135135135135
"45" "BDIT074_Aderitotermes_fossor_1" 34 55 45 5 27 10 36 1 16 1 21 24 0.0259155139 275 0.123636363636364 0.2 0.163636363636364 0.0181818181818182 0.0981818181818182 0.0363636363636364 0.130909090909091 0.00363636363636364 0.0581818181818182 0.00363636363636364 0.0763636363636364 0.0872727272727273
"46" "BDIT075_Cubitermes_fulvus_1" 20 22 19 2 1 6 8 0 1 2 5 2 0.0590592642 88 0.227272727272727 0.25 0.215909090909091 0.0227272727272727 0.0113636363636364 0.0681818181818182 0.0909090909090909 0 0.0113636363636364 0.0227272727272727 0.0568181818181818 0.0227272727272727
"47" "BDIT076_Apicotermitinae_gen.A_1" 40 55 44 11 30 17 30 3 13 1 15 20 0.0643255545 279 0.14336917562724 0.197132616487455 0.157706093189964 0.039426523297491 0.10752688172043 0.0609318996415771 0.10752688172043 0.010752688172043 0.046594982078853 0.003584229390681 0.0537634408602151 0.0716845878136201
"48" "BDIT087_Odontotermes_sp._1" 4 1 5 1 0 5 0 0 1 1 0 0 0.0291613986 18 0.222222222222222 0.0555555555555556 0.277777777777778 0.0555555555555556 0 0.277777777777778 0 0 0.0555555555555556 0.0555555555555556 0 0
"49" "BDIT089_Microcerotermes_progrediens_1" 29 52 46 12 23 19 11 4 11 3 6 7 0.0874631374 223 0.130044843049327 0.233183856502242 0.20627802690583 0.0538116591928251 0.103139013452915 0.0852017937219731 0.0493273542600897 0.0179372197309417 0.0493273542600897 0.0134529147982063 0.0269058295964126 0.031390134529148
"50" "BDIT101_Anenteotermes_polyscolus_1" 33 63 65 5 32 14 55 1 19 2 23 23 0.0426064206 335 0.0985074626865672 0.188059701492537 0.194029850746269 0.0149253731343284 0.0955223880597015 0.0417910447761194 0.164179104477612 0.00298507462686567 0.0567164179104478 0.00597014925373134 0.0686567164179104 0.0686567164179104
"51" "BDIT102_Microcerotermes_fuscotibialis_1" 23 44 41 5 8 4 9 0 3 1 3 4 0.085663829 145 0.158620689655172 0.303448275862069 0.282758620689655 0.0344827586206897 0.0551724137931034 0.0275862068965517 0.0620689655172414 0 0.0206896551724138 0.00689655172413793 0.0206896551724138 0.0275862068965517
"52" "BDIT108_Foraminitermes_rhinoceros_1" 31 80 56 8 51 11 34 4 23 6 23 25 0.0744593469 352 0.0880681818181818 0.227272727272727 0.159090909090909 0.0227272727272727 0.144886363636364 0.03125 0.0965909090909091 0.0113636363636364 0.0653409090909091 0.0170454545454545 0.0653409090909091 0.0710227272727273
"53" "BDIT109_Aderitotermes_sp_1" 31 39 48 5 19 8 32 6 12 1 30 11 0.0787202201 242 0.128099173553719 0.161157024793388 0.198347107438017 0.0206611570247934 0.0785123966942149 0.0330578512396694 0.132231404958678 0.0247933884297521 0.0495867768595041 0.00413223140495868 0.12396694214876 0.0454545454545455
"54" "BDIT112_Astalotermes_murcus_1" 36 43 30 11 25 19 37 2 9 1 43 14 0.0803069191 270 0.133333333333333 0.159259259259259 0.111111111111111 0.0407407407407407 0.0925925925925926 0.0703703703703704 0.137037037037037 0.00740740740740741 0.0333333333333333 0.0037037037037037 0.159259259259259 0.0518518518518519
"55" "BDIT114_Trinevitermes_sp.A_1" 19 23 21 5 4 7 5 1 0 0 10 0 0.048345103 95 0.2 0.242105263157895 0.221052631578947 0.0526315789473684 0.0421052631578947 0.0736842105263158 0.0526315789473684 0.0105263157894737 0 0 0.105263157894737 0
"56" "BDIT121_Alyscotermes_sp.B_1" 15 14 16 1 4 13 6 0 1 0 4 2 0.0257500858 76 0.197368421052632 0.184210526315789 0.210526315789474 0.0131578947368421 0.0526315789473684 0.171052631578947 0.0789473684210526 0 0.0131578947368421 0 0.0526315789473684 0.0263157894736842
"57" "BDIT8-M2B_Microtermes_sp_Burundi_1" 37 46 35 6 12 15 17 2 9 0 7 7 0.0898438086 193 0.191709844559585 0.238341968911917 0.181347150259067 0.0310880829015544 0.0621761658031088 0.077720207253886 0.0880829015544041 0.0103626943005181 0.0466321243523316 0 0.0362694300518135 0.0362694300518135
"58" "BG7_Coptotermes_gestroi_1" 18 22 11 2 4 6 3 2 6 0 2 0 0.1258716253 76 0.236842105263158 0.289473684210526 0.144736842105263 0.0263157894736842 0.0526315789473684 0.0789473684210526 0.0394736842105263 0.0263157894736842 0.0789473684210526 0 0.0263157894736842 0
"59" "Bifid_1" 45 47 43 10 63 19 89 5 17 6 41 38 0.0585572292 423 0.106382978723404 0.111111111111111 0.101654846335697 0.0236406619385343 0.148936170212766 0.0449172576832151 0.210401891252955 0.0118203309692671 0.0401891252955083 0.0141843971631206 0.0969267139479905 0.0898345153664303
"60" "Blatella_germanica_1" 20 37 31 4 46 8 200 1 2 1 111 16 0.1987752649 477 0.0419287211740042 0.0775681341719078 0.0649895178197065 0.00838574423480084 0.0964360587002096 0.0167714884696017 0.419287211740042 0.00209643605870021 0.00419287211740042 0.00209643605870021 0.232704402515723 0.0335429769392034
"61" "BRA12_Aparatermes_sp.A_1" 23 42 45 8 18 18 35 4 13 2 40 15 0.0597076495 263 0.0874524714828897 0.159695817490494 0.171102661596958 0.0304182509505703 0.0684410646387833 0.0684410646387833 0.133079847908745 0.0152091254752852 0.0494296577946768 0.00760456273764259 0.152091254752852 0.0570342205323194
"62" "BRA13_Spinitermes_sp.A_1" 11 43 21 2 5 9 3 0 3 1 6 3 0.0451779782 107 0.102803738317757 0.401869158878505 0.196261682242991 0.0186915887850467 0.0467289719626168 0.0841121495327103 0.0280373831775701 0 0.0280373831775701 0.00934579439252336 0.0560747663551402 0.0280373831775701
"63" "BRA29_Labiotermes_sp._1" 35 56 32 8 25 23 30 2 8 0 36 23 0.09956907 278 0.12589928057554 0.201438848920863 0.115107913669065 0.0287769784172662 0.0899280575539568 0.0827338129496403 0.107913669064748 0.00719424460431655 0.0287769784172662 0 0.129496402877698 0.0827338129496403
"64" "BRA3_Cornitermes_cumulans_1" 31 27 25 5 9 7 21 0 7 0 13 7 0.0598509468 152 0.203947368421053 0.177631578947368 0.164473684210526 0.0328947368421053 0.0592105263157895 0.0460526315789474 0.138157894736842 0 0.0460526315789474 0 0.0855263157894737 0.0460526315789474
"65" "BRA5_Silvestritermes_heyeri_1" 6 9 5 0 0 4 0 2 2 0 1 0 0.059273135 29 0.206896551724138 0.310344827586207 0.172413793103448 0 0 0.137931034482759 0 0.0689655172413793 0.0689655172413793 0 0.0344827586206897 0
"66" "BRA8_Labiotermes_sp._1" 28 33 39 5 22 8 33 1 8 0 16 16 0.0505396801 209 0.133971291866029 0.157894736842105 0.186602870813397 0.0239234449760766 0.105263157894737 0.0382775119617225 0.157894736842105 0.00478468899521531 0.0382775119617225 0 0.076555023923445 0.076555023923445
"67" "BRU8_Hospitalitermes_hospitalis_1" 9 37 26 1 5 11 3 0 2 0 2 2 0.1094332304 98 0.0918367346938776 0.377551020408163 0.26530612244898 0.0102040816326531 0.0510204081632653 0.112244897959184 0.0306122448979592 0 0.0204081632653061 0 0.0204081632653061 0.0204081632653061
"68" "CA10_Synacanthotermes_sp._1" 39 81 60 8 20 8 21 1 9 1 6 15 0.1135081166 269 0.144981412639405 0.301115241635688 0.223048327137546 0.0297397769516729 0.0743494423791822 0.0297397769516729 0.0780669144981413 0.00371747211895911 0.033457249070632 0.00371747211895911 0.0223048327137546 0.0557620817843866
"69" "CA11_Duplidentitermes_sp._1" 45 47 42 11 45 16 72 4 24 4 37 22 0.0595496358 369 0.121951219512195 0.127371273712737 0.113821138211382 0.029810298102981 0.121951219512195 0.043360433604336 0.195121951219512 0.010840108401084 0.0650406504065041 0.010840108401084 0.100271002710027 0.0596205962059621
"70" "CA12_Astalotermes_Cameroon_1" 16 41 46 3 5 14 12 1 6 0 7 10 0.0591954056 161 0.0993788819875776 0.254658385093168 0.285714285714286 0.0186335403726708 0.031055900621118 0.0869565217391304 0.0745341614906832 0.0062111801242236 0.0372670807453416 0 0.0434782608695652 0.062111801242236
"71" "CA18_Amalotermes_phaeocephalus_Cameroon_1" 0 0 2 0 0 0 1 0 0 0 0 0 0.0309617815 3 0 0 0.666666666666667 0 0 0 0.333333333333333 0 0 0 0 0
"72" "CA1_Cubitermes_fungifaber_1" 14 32 22 0 6 6 11 1 8 0 4 5 0.0384344286 109 0.128440366972477 0.293577981651376 0.201834862385321 0 0.055045871559633 0.055045871559633 0.100917431192661 0.00917431192660551 0.073394495412844 0 0.036697247706422 0.0458715596330275
"73" "CA20_Leptomyxotermes_doriae_1" 45 101 64 13 55 24 77 5 18 8 25 28 0.0783921526 463 0.0971922246220302 0.218142548596112 0.138228941684665 0.0280777537796976 0.118790496760259 0.0518358531317495 0.166306695464363 0.0107991360691145 0.0388768898488121 0.0172786177105832 0.0539956803455724 0.060475161987041
"74" "CA24_Cephalotermes_rectangularis_1" 20 18 19 1 2 6 4 0 3 1 2 2 0.0201306286 78 0.256410256410256 0.230769230769231 0.243589743589744 0.0128205128205128 0.0256410256410256 0.0769230769230769 0.0512820512820513 0 0.0384615384615385 0.0128205128205128 0.0256410256410256 0.0256410256410256
"75" "CA26_Sphaerotermes_sphaerothorax_1" 1 7 4 0 0 2 1 0 1 0 1 1 0.070278757 18 0.0555555555555556 0.388888888888889 0.222222222222222 0 0 0.111111111111111 0.0555555555555556 0 0.0555555555555556 0 0.0555555555555556 0.0555555555555556
"76" "CA27_Acanthotermes_acanthotorax_Cameroon_1" 32 67 51 10 58 14 34 4 24 3 28 19 0.0423573072 344 0.0930232558139535 0.194767441860465 0.148255813953488 0.0290697674418605 0.168604651162791 0.0406976744186047 0.0988372093023256 0.0116279069767442 0.0697674418604651 0.00872093023255814 0.0813953488372093 0.0552325581395349
"77" "CA35_Basidentitermes_aurivillii_Cameroon_1" 47 35 31 8 15 17 30 3 15 2 15 8 0.0393033504 226 0.207964601769911 0.154867256637168 0.13716814159292 0.0353982300884956 0.0663716814159292 0.0752212389380531 0.132743362831858 0.0132743362831858 0.0663716814159292 0.00884955752212389 0.0663716814159292 0.0353982300884956
"78" "CA37_Sphaerotermes_sp.A_1" 34 51 32 2 11 9 14 0 4 1 12 6 0.0611383626 176 0.193181818181818 0.289772727272727 0.181818181818182 0.0113636363636364 0.0625 0.0511363636363636 0.0795454545454545 0 0.0227272727272727 0.00568181818181818 0.0681818181818182 0.0340909090909091
"79" "CA38_Aderitotermes_sp_Cameroon_1" 31 26 29 3 12 13 15 0 14 1 10 8 0.0400667923 162 0.191358024691358 0.160493827160494 0.179012345679012 0.0185185185185185 0.0740740740740741 0.0802469135802469 0.0925925925925926 0 0.0864197530864197 0.00617283950617284 0.0617283950617284 0.0493827160493827
"80" "CA8_Postsubulitermes_parviconstrictus_1" 3 2 5 0 0 2 1 0 0 0 0 0 0.0546734964 13 0.230769230769231 0.153846153846154 0.384615384615385 0 0 0.153846153846154 0.0769230769230769 0 0 0 0 0
"81" "Chi131_Stylotermes_sp._1" 20 52 30 3 37 9 17 1 4 4 9 18 0.1442889474 204 0.0980392156862745 0.254901960784314 0.147058823529412 0.0147058823529412 0.181372549019608 0.0441176470588235 0.0833333333333333 0.00490196078431373 0.0196078431372549 0.0196078431372549 0.0441176470588235 0.0882352941176471
"82" "CN14_Stylotermes_sp._1" 3 8 5 1 0 9 0 0 2 0 1 1 0.1497629066 30 0.1 0.266666666666667 0.166666666666667 0.0333333333333333 0 0.3 0 0 0.0666666666666667 0 0.0333333333333333 0.0333333333333333
"83" "COL2012L04_Patawatermes_turricola_1" 21 33 28 9 5 15 17 1 12 1 16 10 0.0583873761 168 0.125 0.196428571428571 0.166666666666667 0.0535714285714286 0.0297619047619048 0.0892857142857143 0.101190476190476 0.00595238095238095 0.0714285714285714 0.00595238095238095 0.0952380952380952 0.0595238095238095
"84" "COL2012L05_Cavitermes_tuberosus_1" 5 1 1 2 1 5 2 1 0 1 0 0 0.0305114993 19 0.263157894736842 0.0526315789473684 0.0526315789473684 0.105263157894737 0.0526315789473684 0.263157894736842 0.105263157894737 0.0526315789473684 0 0.0526315789473684 0 0
"85" "COL-4PUERTO_Heterotermes_nr_tenuis_1" 21 60 29 4 3 10 5 1 7 0 0 2 0.0743947379 142 0.147887323943662 0.422535211267606 0.204225352112676 0.028169014084507 0.0211267605633803 0.0704225352112676 0.0352112676056338 0.00704225352112676 0.0492957746478873 0 0 0.0140845070422535
"86" "COPACI_Coptotermes_acinaciformis_Australia_1" 1 0 1 0 0 0 0 0 0 0 0 0 0.8546531638 2 0.5 0 0.5 0 0 0 0 0 0 0 0 0
"87" "COPFRE_Coptotermes_frenchi_Australia_1" 21 29 30 7 8 14 6 0 6 0 2 5 0.3726222888 128 0.1640625 0.2265625 0.234375 0.0546875 0.0625 0.109375 0.046875 0 0.046875 0 0.015625 0.0390625
"88" "COP-LAC_Coptotermes_lacteus_Australia_1" 11 15 8 1 0 3 0 0 2 0 1 0 0.2490173239 41 0.268292682926829 0.365853658536585 0.195121951219512 0.024390243902439 0 0.0731707317073171 0 0 0.0487804878048781 0 0.024390243902439 0
"89" "CRYBREVIS_Cryptotermes_brevis_Australia_1" 3 2 6 0 0 6 2 0 0 0 0 0 0.0760303288 19 0.157894736842105 0.105263157894737 0.315789473684211 0 0 0.315789473684211 0.105263157894737 0 0 0 0 0
"90" "CRYDRUDDLE_Cryptotermes_dudleyi_Australia_1" 46 83 84 3 30 17 21 5 10 3 10 18 0.043344382 330 0.139393939393939 0.251515151515152 0.254545454545455 0.00909090909090909 0.0909090909090909 0.0515151515151515 0.0636363636363636 0.0151515151515152 0.0303030303030303 0.00909090909090909 0.0303030303030303 0.0545454545454545
"91" "Cryptotermes_secundus_1" 48 105 55 11 25 21 24 2 9 6 7 20 0.0406796784 333 0.144144144144144 0.315315315315315 0.165165165165165 0.033033033033033 0.0750750750750751 0.0630630630630631 0.0720720720720721 0.00600600600600601 0.027027027027027 0.018018018018018 0.021021021021021 0.0600600600600601
"92" "CRYQUEEN_Cryptotermes_queenslandicus_Australia_1" 37 54 24 2 6 21 9 0 6 1 5 6 0.0341396125 171 0.216374269005848 0.315789473684211 0.140350877192982 0.0116959064327485 0.0350877192982456 0.12280701754386 0.0526315789473684 0 0.0350877192982456 0.00584795321637427 0.0292397660818713 0.0350877192982456
"93" "CU_1490_0_NODE_2_length_15846_cov_660191_ID_1569873_1" 59 21 12 9 31 20 49 1 14 0 22 19 0.0914442691 257 0.229571984435798 0.0817120622568093 0.0466926070038911 0.0350194552529183 0.120622568093385 0.0778210116731518 0.190661478599222 0.00389105058365759 0.0544747081712062 0 0.0856031128404669 0.0739299610894942
"94" "Dolichorhinotermes_longilabius_1" 42 29 24 8 26 16 52 2 16 2 34 15 0.0948276515 266 0.157894736842105 0.109022556390977 0.0902255639097744 0.0300751879699248 0.0977443609022556 0.0601503759398496 0.195488721804511 0.0075187969924812 0.0601503759398496 0.0075187969924812 0.12781954887218 0.056390977443609
"95" "E31_Microtermes_obesi_Pakistan_1" 21 44 25 2 18 10 19 1 12 0 5 5 0.0858933261 162 0.12962962962963 0.271604938271605 0.154320987654321 0.0123456790123457 0.111111111111111 0.0617283950617284 0.117283950617284 0.00617283950617284 0.0740740740740741 0 0.0308641975308642 0.0308641975308642
"96" "E38_Coptotermes_heimi_Pakistan_1" 0 1 4 0 0 1 0 0 0 0 0 0 0.098329858 6 0 0.166666666666667 0.666666666666667 0 0 0.166666666666667 0 0 0 0 0 0
"97" "E48_Coptotermes_heimi_Pakistan_1" 0 1 0 0 0 0 0 0 0 0 0 0 0.1516337514 1 0 1 0 0 0 0 0 0 0 0 0 0
"98" "E50_Microtermes_sp1_Pakistan_1" 24 14 18 1 4 8 4 0 4 0 1 2 0.0996497566 80 0.3 0.175 0.225 0.0125 0.05 0.1 0.05 0 0.05 0 0.0125 0.025
"99" "E58_Kalotermitidae_spA_Pakistan_1" 51 86 68 6 63 17 76 5 29 3 26 23 0.0594856097 453 0.112582781456954 0.189845474613687 0.150110375275938 0.0132450331125828 0.139072847682119 0.0375275938189845 0.167770419426049 0.011037527593819 0.0640176600441501 0.00662251655629139 0.0573951434878587 0.0507726269315673
"100" "EC1466_0_NODE_3_length_15795_cov_299853_ID_608187_1" 21 52 40 0 36 6 42 2 6 2 26 10 0.0519390797 243 0.0864197530864197 0.213991769547325 0.164609053497942 0 0.148148148148148 0.0246913580246914 0.172839506172839 0.00823045267489712 0.0246913580246914 0.00823045267489712 0.106995884773663 0.0411522633744856
"101" "Embiratermes_neotenicus_French_Guiana_1" 33 72 37 9 38 20 32 2 15 5 24 28 0.1475210117 315 0.104761904761905 0.228571428571429 0.117460317460317 0.0285714285714286 0.120634920634921 0.0634920634920635 0.101587301587302 0.00634920634920635 0.0476190476190476 0.0158730158730159 0.0761904761904762 0.0888888888888889
"102" "FG16-11_1" 23 92 58 10 52 18 47 5 14 3 20 20 0.0226174533 362 0.0635359116022099 0.25414364640884 0.160220994475138 0.0276243093922652 0.143646408839779 0.0497237569060773 0.129834254143646 0.0138121546961326 0.0386740331491713 0.00828729281767956 0.0552486187845304 0.0552486187845304
"103" "FG-ND2-32_Nasutitermes_sp.SC_1" 40 27 22 8 3 16 10 1 4 2 2 4 0.023304147 139 0.287769784172662 0.194244604316547 0.158273381294964 0.0575539568345324 0.0215827338129496 0.115107913669065 0.0719424460431655 0.00719424460431655 0.0287769784172662 0.0143884892086331 0.0143884892086331 0.0287769784172662
"104" "FG-ND2-3_Comatermes_sp._1" 32 55 50 10 42 13 56 0 15 2 22 21 0.0475938163 318 0.10062893081761 0.172955974842767 0.157232704402516 0.0314465408805031 0.132075471698113 0.0408805031446541 0.176100628930818 0 0.0471698113207547 0.00628930817610063 0.0691823899371069 0.0660377358490566
"105" "FG-ND2-43_Tetimatermes_sp.A_1" 28 67 37 6 18 9 22 1 17 0 20 14 0.0911252851 239 0.117154811715481 0.280334728033473 0.154811715481172 0.0251046025104603 0.0753138075313808 0.0376569037656904 0.0920502092050209 0.00418410041841004 0.0711297071129707 0 0.0836820083682008 0.0585774058577406
"106" "FG-ND2-48_Ruptitermes_arboreus_1" 28 74 53 7 26 17 34 4 13 5 22 19 0.0527168577 302 0.0927152317880795 0.245033112582781 0.175496688741722 0.0231788079470199 0.0860927152317881 0.0562913907284768 0.112582781456954 0.0132450331125828 0.043046357615894 0.0165562913907285 0.0728476821192053 0.0629139072847682
"107" "FL01_NODE_1_length_15415_cov_164305_ID_1381_1" 7 19 9 2 1 6 0 0 0 0 0 0 0.0725349548 44 0.159090909090909 0.431818181818182 0.204545454545455 0.0454545454545455 0.0227272727272727 0.136363636363636 0 0 0 0 0 0
"108" "FLY667_0_NODE_1_length_15810_cov_38592_ID_136216_1" 18 118 52 4 56 9 34 1 8 2 23 19 0.0617998414 344 0.0523255813953488 0.343023255813953 0.151162790697674 0.0116279069767442 0.162790697674419 0.0261627906976744 0.0988372093023256 0.00290697674418605 0.0232558139534884 0.00581395348837209 0.0668604651162791 0.0552325581395349
"109" "G13-055_Termes_fatalis_1" 16 13 11 1 0 7 3 0 4 0 2 0 0.0453580102 57 0.280701754385965 0.228070175438596 0.192982456140351 0.0175438596491228 0 0.12280701754386 0.0526315789473684 0 0.0701754385964912 0 0.0350877192982456 0
"110" "G13-058_Microcerotermes_sp._1" 2 1 0 0 1 0 0 0 0 0 0 0 0.0791135139 4 0.5 0.25 0 0 0.25 0 0 0 0 0 0 0
"111" "G13-065_Anoplotermes-group_sp.Q_1" 35 94 77 12 39 21 46 2 23 5 41 19 0.023094731 414 0.0845410628019324 0.227053140096618 0.185990338164251 0.0289855072463768 0.0942028985507246 0.0507246376811594 0.111111111111111 0.00483091787439614 0.0555555555555556 0.0120772946859903 0.0990338164251208 0.0458937198067633
"112" "G13-067_Crepititermes_verruculosus_1" 47 62 45 13 36 19 43 2 16 1 25 10 0.0335715093 319 0.147335423197492 0.19435736677116 0.141065830721003 0.0407523510971787 0.112852664576803 0.0595611285266458 0.134796238244514 0.00626959247648903 0.0501567398119122 0.00313479623824451 0.0783699059561129 0.0313479623824451
"113" "G13-072_Rubeotermes_jheringi_1" 43 47 31 13 23 14 78 3 21 2 29 13 0.0290379209 317 0.135646687697161 0.148264984227129 0.0977917981072555 0.0410094637223975 0.0725552050473186 0.0441640378548896 0.246056782334385 0.00946372239747634 0.0662460567823344 0.00630914826498423 0.0914826498422713 0.0410094637223975
"114" "G13-080_Neocapritermes_taracua_1" 25 57 36 11 15 9 20 1 11 1 17 4 0.0510828757 207 0.120772946859903 0.27536231884058 0.173913043478261 0.0531400966183575 0.072463768115942 0.0434782608695652 0.0966183574879227 0.00483091787439614 0.0531400966183575 0.00483091787439614 0.0821256038647343 0.0193236714975845
"115" "G13-081_Aparatermes_nr.cingulatus_1" 30 32 28 4 9 12 35 1 7 2 18 8 0.0858738181 186 0.161290322580645 0.172043010752688 0.150537634408602 0.021505376344086 0.0483870967741935 0.0645161290322581 0.188172043010753 0.00537634408602151 0.0376344086021505 0.010752688172043 0.0967741935483871 0.043010752688172
"116" "G13-084_Termes_sp.A_1" 36 49 50 9 13 20 24 6 12 2 19 6 0.0535057231 246 0.146341463414634 0.199186991869919 0.203252032520325 0.0365853658536585 0.0528455284552846 0.0813008130081301 0.0975609756097561 0.024390243902439 0.0487804878048781 0.00813008130081301 0.0772357723577236 0.024390243902439
"117" "G13-10_Longustitermes_manni_1" 25 46 40 14 14 6 33 2 9 2 16 11 0.0332381054 218 0.114678899082569 0.211009174311927 0.18348623853211 0.0642201834862385 0.0642201834862385 0.0275229357798165 0.151376146788991 0.00917431192660551 0.0412844036697248 0.00917431192660551 0.073394495412844 0.0504587155963303
"118" "G13-117_Nasutitermes_banksi_1" 51 63 51 4 20 19 24 0 8 1 9 7 0.0529162843 257 0.198443579766537 0.245136186770428 0.198443579766537 0.0155642023346304 0.0778210116731518 0.0739299610894942 0.0933852140077821 0 0.0311284046692607 0.00389105058365759 0.0350194552529183 0.0272373540856031
"119" "G13-127_Nasutitermes_similis_1" 31 63 29 5 12 13 16 0 7 3 8 6 0.0211839132 193 0.160621761658031 0.326424870466321 0.150259067357513 0.0259067357512953 0.0621761658031088 0.0673575129533679 0.0829015544041451 0 0.0362694300518135 0.0155440414507772 0.0414507772020725 0.0310880829015544
"120" "G13-140_Spinitermes_trispinosus_1" 19 50 43 8 7 11 10 1 2 1 7 1 0.0490094722 160 0.11875 0.3125 0.26875 0.05 0.04375 0.06875 0.0625 0.00625 0.0125 0.00625 0.04375 0.00625
"121" "G13-142_Anoplotermes_sp.E1_1" 28 52 44 4 18 11 25 4 13 1 15 6 0.0910088463 221 0.126696832579186 0.235294117647059 0.199095022624434 0.0180995475113122 0.081447963800905 0.0497737556561086 0.113122171945701 0.0180995475113122 0.0588235294117647 0.00452488687782805 0.0678733031674208 0.0271493212669683
"122" "G678_Rugitermes_sp_A_1" 25 32 44 8 35 19 75 2 10 1 35 9 0.0467954815 295 0.0847457627118644 0.108474576271186 0.149152542372881 0.0271186440677966 0.11864406779661 0.0644067796610169 0.254237288135593 0.00677966101694915 0.0338983050847458 0.00338983050847458 0.11864406779661 0.0305084745762712
"123" "G681_Neocapritermes_araguaia_1" 18 38 26 1 5 11 14 1 3 1 8 5 0.0451025409 131 0.137404580152672 0.290076335877863 0.198473282442748 0.00763358778625954 0.0381679389312977 0.083969465648855 0.106870229007634 0.00763358778625954 0.0229007633587786 0.00763358778625954 0.0610687022900763 0.0381679389312977
"124" "G683_Neocapritermes_sp.H_1" 37 66 41 7 31 14 41 2 10 3 19 12 0.0716740633 283 0.130742049469965 0.23321554770318 0.144876325088339 0.0247349823321555 0.109540636042403 0.049469964664311 0.144876325088339 0.00706713780918728 0.0353356890459364 0.0106007067137809 0.0671378091872792 0.0424028268551237
"125" "G687_Cylindrotermes_parvignathus_1" 32 40 36 14 30 13 37 3 29 4 18 9 0.0289723249 265 0.120754716981132 0.150943396226415 0.135849056603774 0.0528301886792453 0.113207547169811 0.0490566037735849 0.139622641509434 0.0113207547169811 0.109433962264151 0.0150943396226415 0.0679245283018868 0.0339622641509434
"126" "G697_Orthognathotermes_aduncus_1" 35 80 52 8 37 17 48 6 16 5 34 33 0.0438856156 371 0.0943396226415094 0.215633423180593 0.140161725067385 0.0215633423180593 0.0997304582210243 0.045822102425876 0.129380053908356 0.0161725067385445 0.0431266846361186 0.0134770889487871 0.091644204851752 0.0889487870619946
"127" "G699_Inquilinitermes_inquilinus_1" 48 61 45 17 32 20 40 2 29 6 24 7 0.0475940168 331 0.145015105740181 0.18429003021148 0.13595166163142 0.0513595166163142 0.0966767371601208 0.0604229607250755 0.120845921450151 0.00604229607250755 0.0876132930513595 0.0181268882175227 0.0725075528700906 0.0211480362537764
"128" "G707_Neocapritermes_angusticeps_1" 20 37 29 4 9 7 15 2 5 0 9 6 0.0615591946 143 0.13986013986014 0.258741258741259 0.202797202797203 0.027972027972028 0.0629370629370629 0.048951048951049 0.104895104895105 0.013986013986014 0.034965034965035 0 0.0629370629370629 0.041958041958042
"129" "G711_Labiotermes_labralis_1" 49 44 20 8 25 16 52 3 17 0 26 15 0.0541651111 275 0.178181818181818 0.16 0.0727272727272727 0.0290909090909091 0.0909090909090909 0.0581818181818182 0.189090909090909 0.0109090909090909 0.0618181818181818 0 0.0945454545454545 0.0545454545454545
"130" "G712_Subulitermes_sp._1" 44 46 26 9 18 19 35 2 13 0 28 7 0.0640632914 247 0.178137651821862 0.186234817813765 0.105263157894737 0.0364372469635627 0.0728744939271255 0.0769230769230769 0.1417004048583 0.00809716599190283 0.0526315789473684 0 0.11336032388664 0.0283400809716599
"131" "G716_Cavitermes_tuberosus_1" 0 7 4 0 1 2 2 0 1 0 1 1 0.034168139 19 0 0.368421052631579 0.210526315789474 0 0.0526315789473684 0.105263157894737 0.105263157894737 0 0.0526315789473684 0 0.0526315789473684 0.0526315789473684
"132" "G718_Nasutitermes_octopilis_1" 40 74 59 12 27 17 22 1 13 3 26 20 0.0518154104 314 0.127388535031847 0.235668789808917 0.187898089171975 0.0382165605095541 0.0859872611464968 0.054140127388535 0.0700636942675159 0.00318471337579618 0.0414012738853503 0.00955414012738853 0.0828025477707006 0.0636942675159236
"133" "G728_Agnathotermes_crassinasus_1" 32 50 40 6 23 10 23 2 9 1 15 8 0.0490072324 219 0.146118721461187 0.228310502283105 0.182648401826484 0.0273972602739726 0.105022831050228 0.045662100456621 0.105022831050228 0.0091324200913242 0.0410958904109589 0.0045662100456621 0.0684931506849315 0.0365296803652968
"134" "G729_Araujotermes_parvellus_1" 46 38 34 10 16 18 28 1 10 1 17 11 0.0746014378 230 0.2 0.165217391304348 0.147826086956522 0.0434782608695652 0.0695652173913043 0.0782608695652174 0.121739130434783 0.00434782608695652 0.0434782608695652 0.00434782608695652 0.0739130434782609 0.0478260869565217
"135" "G732_Cryptotermes_brevis_FG_1" 1 2 0 0 0 0 1 0 0 0 0 0 0.0607498145 4 0.25 0.5 0 0 0 0 0.25 0 0 0 0 0
"136" "G751_Rhinotermes_hispidus_FG_1" 23 51 38 8 42 10 42 4 16 0 19 22 0.1003080391 275 0.0836363636363636 0.185454545454545 0.138181818181818 0.0290909090909091 0.152727272727273 0.0363636363636364 0.152727272727273 0.0145454545454545 0.0581818181818182 0 0.0690909090909091 0.08
"137" "G769_Dihoplotermes_sp.A_1" 40 53 41 10 34 16 29 1 31 8 26 15 0.0659741019 304 0.131578947368421 0.174342105263158 0.134868421052632 0.0328947368421053 0.111842105263158 0.0526315789473684 0.0953947368421053 0.00328947368421053 0.101973684210526 0.0263157894736842 0.0855263157894737 0.0493421052631579
"138" "Glypto1_Glyptotermes_fuscus_Japan_1" 21 53 37 7 27 20 43 2 20 1 18 16 0.0492575906 265 0.0792452830188679 0.2 0.139622641509434 0.0264150943396226 0.10188679245283 0.0754716981132075 0.162264150943396 0.00754716981132075 0.0754716981132075 0.00377358490566038 0.0679245283018868 0.060377358490566
"139" "Glyptotermes_satsumensis_1" 20 64 37 2 24 11 33 1 10 1 22 10 0.0219033308 235 0.0851063829787234 0.272340425531915 0.157446808510638 0.00851063829787234 0.102127659574468 0.0468085106382979 0.140425531914894 0.00425531914893617 0.0425531914893617 0.00425531914893617 0.0936170212765957 0.0425531914893617
"140" "GP17-13_1" 50 42 10 8 31 23 57 3 25 0 27 16 0.0383109267 292 0.171232876712329 0.143835616438356 0.0342465753424658 0.0273972602739726 0.106164383561644 0.0787671232876712 0.195205479452055 0.0102739726027397 0.0856164383561644 0 0.0924657534246575 0.0547945205479452
"141" "GR2200_NODE_14_length_15769_cov_491341_ID_624588_1" 35 111 72 9 34 26 38 5 16 1 17 30 0.0818787162 394 0.0888324873096447 0.281725888324873 0.182741116751269 0.0228426395939086 0.0862944162436548 0.065989847715736 0.0964467005076142 0.0126903553299492 0.0406091370558376 0.00253807106598985 0.0431472081218274 0.0761421319796954
"142" "Hodotermopsis_sjosdteti_1" 39 68 31 13 37 15 128 4 13 5 44 28 0.0317556544 425 0.0917647058823529 0.16 0.0729411764705882 0.0305882352941176 0.0870588235294118 0.0352941176470588 0.301176470588235 0.00941176470588235 0.0305882352941176 0.0117647058823529 0.103529411764706 0.0658823529411765
"143" "I9_Mastotermes_darwiniensis_1" 22 95 43 19 114 11 145 5 14 6 72 46 0.075269994 592 0.0371621621621622 0.160472972972973 0.0726351351351351 0.0320945945945946 0.192567567567568 0.0185810810810811 0.244932432432432 0.00844594594594595 0.0236486486486486 0.0101351351351351 0.121621621621622 0.0777027027027027
"144" "Incisitermes_arizonensis_1" 24 36 19 0 2 11 1 2 5 0 0 1 0.021373561 101 0.237623762376238 0.356435643564356 0.188118811881188 0 0.0198019801980198 0.108910891089109 0.0099009900990099 0.0198019801980198 0.0495049504950495 0 0 0.0099009900990099
"145" "IND1_Microtermes_sp.C_India_1" 16 30 19 2 2 22 3 0 3 0 1 1 0.082947872 99 0.161616161616162 0.303030303030303 0.191919191919192 0.0202020202020202 0.0202020202020202 0.222222222222222 0.0303030303030303 0 0.0303030303030303 0 0.0101010101010101 0.0101010101010101
"146" "IND2_Trinervitermes_sp._1" 19 37 25 4 15 11 6 1 1 0 6 2 0.0646438969 127 0.149606299212598 0.291338582677165 0.196850393700787 0.031496062992126 0.118110236220472 0.0866141732283465 0.047244094488189 0.0078740157480315 0.0078740157480315 0 0.047244094488189 0.015748031496063
"147" "IND3_Heterotermes_malabaricus_1" 20 63 35 5 11 14 9 0 8 0 2 2 0.1600041357 169 0.118343195266272 0.372781065088757 0.207100591715976 0.029585798816568 0.0650887573964497 0.0828402366863905 0.0532544378698225 0 0.0473372781065089 0 0.0118343195266272 0.0118343195266272
"148" "IND5_Nasutitermes_sp.B_1" 5 6 6 1 0 3 1 0 0 1 0 0 0.0968609918 23 0.217391304347826 0.260869565217391 0.260869565217391 0.0434782608695652 0 0.130434782608696 0.0434782608695652 0 0 0.0434782608695652 0 0
"149" "IND6_Odontotermes_sp.C_1" 25 66 43 3 17 12 6 1 13 1 4 6 0.0411770811 197 0.126903553299492 0.33502538071066 0.218274111675127 0.0152284263959391 0.0862944162436548 0.0609137055837563 0.0304568527918782 0.0050761421319797 0.065989847715736 0.0050761421319797 0.0203045685279188 0.0304568527918782
"150" "IND7_Nasutitermes_sp.C_1" 5 9 5 0 0 0 0 0 1 0 0 1 0.107135672 21 0.238095238095238 0.428571428571429 0.238095238095238 0 0 0 0 0 0.0476190476190476 0 0 0.0476190476190476
"151" "IS17_Microhodotermes_viator_1" 13 58 29 16 72 9 53 6 13 8 25 27 0.0856229889 329 0.0395136778115502 0.17629179331307 0.088145896656535 0.0486322188449848 0.218844984802432 0.027355623100304 0.161094224924012 0.0182370820668693 0.0395136778115502 0.0243161094224924 0.0759878419452888 0.0820668693009119
"152" "IS57_Reticulitermes_flavipes_1" 1 2 0 0 0 1 0 0 0 0 0 0 0.1038822164 4 0.25 0.5 0 0 0 0.25 0 0 0 0 0 0
"153" "IS95_Macrotermes_subhyalinus_1" 9 13 8 0 0 0 3 0 2 1 2 0 0.1226230474 38 0.236842105263158 0.342105263157895 0.210526315789474 0 0 0 0.0789473684210526 0 0.0526315789473684 0.0263157894736842 0.0526315789473684 0
"154" "ISO183_Heterotermes_sp_1" 12 33 25 3 3 19 7 1 4 0 5 0 0.1674810303 112 0.107142857142857 0.294642857142857 0.223214285714286 0.0267857142857143 0.0267857142857143 0.169642857142857 0.0625 0.00892857142857143 0.0357142857142857 0 0.0446428571428571 0
"155" "ISO207_Porotermes_adamsoni_1" 22 61 37 6 63 6 69 1 12 2 27 34 0.0259605557 340 0.0647058823529412 0.179411764705882 0.108823529411765 0.0176470588235294 0.185294117647059 0.0176470588235294 0.202941176470588 0.00294117647058824 0.0352941176470588 0.00588235294117647 0.0794117647058823 0.1
"156" "ISO210_Coptotermes_lacteus_1" 13 10 16 1 1 8 1 0 2 0 0 2 0.4599964834 54 0.240740740740741 0.185185185185185 0.296296296296296 0.0185185185185185 0.0185185185185185 0.148148148148148 0.0185185185185185 0 0.037037037037037 0 0 0.037037037037037
"157" "ISO314_Schedorhinotermes_breinli_Australia_1" 3 2 2 0 0 1 1 0 1 0 0 1 0.1427691455 11 0.272727272727273 0.181818181818182 0.181818181818182 0 0 0.0909090909090909 0.0909090909090909 0 0.0909090909090909 0 0 0.0909090909090909
"158" "ISO360_Macrognathotermes_errator_1" 8 14 7 0 0 3 2 0 0 0 3 0 0.0983628282 37 0.216216216216216 0.378378378378378 0.189189189189189 0 0 0.0810810810810811 0.0540540540540541 0 0 0 0.0810810810810811 0
"159" "ISO845_Zootermopsis_angusticollis_1" 24 48 26 10 67 8 74 2 18 7 26 25 0.1163820581 335 0.0716417910447761 0.143283582089552 0.0776119402985075 0.0298507462686567 0.2 0.0238805970149254 0.22089552238806 0.00597014925373134 0.0537313432835821 0.0208955223880597 0.0776119402985075 0.0746268656716418
"160" "KE15-140_1" 54 45 36 12 68 19 61 7 32 4 34 26 0.0696154532 398 0.135678391959799 0.113065326633166 0.0904522613065327 0.0301507537688442 0.170854271356784 0.0477386934673367 0.153266331658291 0.0175879396984925 0.0804020100502513 0.0100502512562814 0.085427135678392 0.0653266331658292
"161" "KE15-30_1" 21 58 35 9 70 15 52 3 17 3 31 35 0.0231958985 349 0.0601719197707736 0.166189111747851 0.100286532951289 0.0257879656160458 0.200573065902579 0.0429799426934097 0.148997134670487 0.00859598853868195 0.0487106017191977 0.00859598853868195 0.0888252148997135 0.100286532951289
"162" "MAD15-108_NODE_1_length_15757_cov_110743_ID_123_1" 32 56 65 10 79 25 52 2 17 1 18 22 0.0284188377 379 0.0844327176781003 0.147757255936675 0.171503957783641 0.0263852242744063 0.20844327176781 0.0659630606860158 0.137203166226913 0.00527704485488127 0.0448548812664908 0.00263852242744063 0.0474934036939314 0.0580474934036939
"163" "MAD15-171_NODE_1_length_15507_cov_475004_ID_850_1" 25 96 43 9 51 16 62 2 18 5 23 19 0.0373979866 369 0.0677506775067751 0.260162601626016 0.116531165311653 0.024390243902439 0.138211382113821 0.043360433604336 0.168021680216802 0.00542005420054201 0.0487804878048781 0.013550135501355 0.0623306233062331 0.0514905149051491
"164" "MAL27_Hospitalitermes_medioflavus_1" 22 50 28 2 18 12 10 1 2 3 4 3 0.0277314447 155 0.141935483870968 0.32258064516129 0.180645161290323 0.0129032258064516 0.116129032258065 0.0774193548387097 0.0645161290322581 0.00645161290322581 0.0129032258064516 0.0193548387096774 0.0258064516129032 0.0193548387096774
"165" "MAL29_Parrhinotermes_sp2_Malaysia_1" 25 41 28 1 5 12 4 1 9 2 7 4 0.1409289749 139 0.179856115107914 0.294964028776978 0.201438848920863 0.00719424460431655 0.0359712230215827 0.0863309352517986 0.0287769784172662 0.00719424460431655 0.0647482014388489 0.0143884892086331 0.0503597122302158 0.0287769784172662
"166" "MAL36_Cryptotermes_sp1_Malaysia_1" 42 52 57 16 36 21 48 4 21 1 18 15 0.0418669426 331 0.126888217522659 0.157099697885196 0.172205438066465 0.0483383685800604 0.108761329305136 0.0634441087613293 0.145015105740181 0.0120845921450151 0.0634441087613293 0.00302114803625378 0.054380664652568 0.0453172205438066
"167" "MAL39_Cryptotermes_domesticus_Malaysia_1" 16 12 18 3 1 9 2 0 0 1 1 2 0.0557346755 65 0.246153846153846 0.184615384615385 0.276923076923077 0.0461538461538462 0.0153846153846154 0.138461538461538 0.0307692307692308 0 0 0.0153846153846154 0.0153846153846154 0.0307692307692308
"168" "MAL41_Odontotermes_sp.K_1" 7 9 8 2 1 6 3 0 5 1 0 0 0.0794782028 42 0.166666666666667 0.214285714285714 0.19047619047619 0.0476190476190476 0.0238095238095238 0.142857142857143 0.0714285714285714 0 0.119047619047619 0.0238095238095238 0 0
"169" "Mantoida_MN110_1" 5 47 54 10 47 5 124 1 3 3 87 17 0.0582124514 403 0.0124069478908189 0.116625310173697 0.133995037220844 0.0248138957816377 0.116625310173697 0.0124069478908189 0.307692307692308 0.00248138957816377 0.00744416873449132 0.00744416873449132 0.215880893300248 0.0421836228287841
"170" "MLA11_Coptotermes_sepangensis_1" 11 12 10 2 1 5 1 0 1 1 1 2 0.3245107096 47 0.234042553191489 0.25531914893617 0.212765957446809 0.0425531914893617 0.0212765957446809 0.106382978723404 0.0212765957446809 0 0.0212765957446809 0.0212765957446809 0.0212765957446809 0.0425531914893617
"171" "Nasutitermes_nr.perparvus_Thailand_1" 41 33 27 8 13 15 21 1 20 1 19 8 0.0458154364 207 0.198067632850242 0.159420289855072 0.130434782608696 0.0386473429951691 0.0628019323671498 0.072463768115942 0.101449275362319 0.00483091787439614 0.0966183574879227 0.00483091787439614 0.0917874396135266 0.0386473429951691
"172" "Nasutitermes_takasagoensis_Japan_1" 1 3 0 0 1 5 0 0 0 0 1 0 0.0373332421 11 0.0909090909090909 0.272727272727273 0 0 0.0909090909090909 0.454545454545455 0 0 0 0 0.0909090909090909 0
"173" "Nasutitermes_tridoinae_1" 26 44 24 5 6 23 7 1 10 1 1 5 0.0992694946 153 0.169934640522876 0.287581699346405 0.156862745098039 0.0326797385620915 0.0392156862745098 0.150326797385621 0.0457516339869281 0.0065359477124183 0.065359477124183 0.0065359477124183 0.0065359477124183 0.0326797385620915
"174" "NG71_Microcerotermes_biroi_1" 34 27 24 9 11 25 26 2 16 2 16 6 0.0287385726 198 0.171717171717172 0.136363636363636 0.121212121212121 0.0454545454545455 0.0555555555555556 0.126262626262626 0.131313131313131 0.0101010101010101 0.0808080808080808 0.0101010101010101 0.0808080808080808 0.0303030303030303
"175" "NG77_Termitogeton_planus_1" 21 90 55 23 76 24 47 4 27 12 18 38 0.0447661618 435 0.0482758620689655 0.206896551724138 0.126436781609195 0.0528735632183908 0.174712643678161 0.0551724137931034 0.108045977011494 0.00919540229885057 0.0620689655172414 0.0275862068965517 0.0413793103448276 0.0873563218390805
"176" "NG78_Coptotermes_remotus_1" 11 17 13 2 1 5 5 0 1 0 2 1 0.2632137745 58 0.189655172413793 0.293103448275862 0.224137931034483 0.0344827586206897 0.0172413793103448 0.0862068965517241 0.0862068965517241 0 0.0172413793103448 0 0.0344827586206897 0.0172413793103448
"177" "NG79_Coptotermes_elisae_New_Guinea_1" 31 48 33 7 7 14 12 1 15 3 8 3 0.391589981 182 0.17032967032967 0.263736263736264 0.181318681318681 0.0384615384615385 0.0384615384615385 0.0769230769230769 0.0659340659340659 0.00549450549450549 0.0824175824175824 0.0164835164835165 0.043956043956044 0.0164835164835165
"178" "NG91_Prorhinotermes_inopinatus_New_Guinea_1" 35 62 54 5 24 33 8 3 10 4 6 9 0.0473898014 253 0.138339920948617 0.245059288537549 0.213438735177866 0.0197628458498024 0.0948616600790514 0.130434782608696 0.0316205533596838 0.0118577075098814 0.0395256916996047 0.0158102766798419 0.0237154150197628 0.0355731225296443
"179" "NS_NODE_1_length_15816_cov_213313_ID_1901_1" 3 3 4 0 0 3 0 0 0 0 1 0 0.0906940095 14 0.214285714285714 0.214285714285714 0.285714285714286 0 0 0.214285714285714 0 0 0 0 0.0714285714285714 0
"180" "NSW2_Coptotermes_acinaciformis_acinaciformis_1" 1 3 1 0 0 3 0 0 0 0 0 0 0.6441729869 8 0.125 0.375 0.125 0 0 0.375 0 0 0 0 0 0
"181" "NSW3_Amitermes_obeuntis_1" 2 5 4 0 0 3 1 1 0 0 2 0 0.038068447 18 0.111111111111111 0.277777777777778 0.222222222222222 0 0 0.166666666666667 0.0555555555555556 0.0555555555555556 0 0 0.111111111111111 0
"182" "NSW6_Occasitermes_occasus_1" 31 43 50 1 6 14 16 3 9 1 6 5 0.0440120181 185 0.167567567567568 0.232432432432432 0.27027027027027 0.00540540540540541 0.0324324324324324 0.0756756756756757 0.0864864864864865 0.0162162162162162 0.0486486486486487 0.00540540540540541 0.0324324324324324 0.027027027027027
"183" "NU_mod_1" 36 38 23 2 30 9 38 2 15 0 19 15 0.2073779816 227 0.158590308370044 0.167400881057269 0.101321585903084 0.00881057268722467 0.13215859030837 0.039647577092511 0.167400881057269 0.00881057268722467 0.066079295154185 0 0.0837004405286344 0.066079295154185
"184" "Odontotermes_formosanus_Japan_1" 25 39 15 3 4 20 13 0 10 3 3 1 0.0355151771 136 0.183823529411765 0.286764705882353 0.110294117647059 0.0220588235294118 0.0294117647058824 0.147058823529412 0.0955882352941176 0 0.0735294117647059 0.0220588235294118 0.0220588235294118 0.00735294117647059
"185" "Periplaneta_fuliginosa_1" 9 26 14 4 16 2 120 0 7 2 70 11 0.2552914198 281 0.0320284697508897 0.0925266903914591 0.0498220640569395 0.0142348754448399 0.0569395017793594 0.00711743772241993 0.427046263345196 0 0.0249110320284698 0.00711743772241993 0.249110320284698 0.0391459074733096
"186" "PHI1_Microcerotermes_crassus_1" 8 10 12 0 0 2 1 0 0 0 0 2 0.0832265065 35 0.228571428571429 0.285714285714286 0.342857142857143 0 0 0.0571428571428571 0.0285714285714286 0 0 0 0 0.0571428571428571
"187" "PHI2_Nasutitermes_matangensis_1" 3 3 5 2 0 3 0 0 0 1 0 0 0.027678357 17 0.176470588235294 0.176470588235294 0.294117647058824 0.117647058823529 0 0.176470588235294 0 0 0 0.0588235294117647 0 0
"188" "PHI3_Hospitalitermes_sp._1" 16 30 25 4 14 22 6 1 9 1 5 3 0.0728046118 136 0.117647058823529 0.220588235294118 0.183823529411765 0.0294117647058824 0.102941176470588 0.161764705882353 0.0441176470588235 0.00735294117647059 0.0661764705882353 0.00735294117647059 0.0367647058823529 0.0220588235294118
"189" "PHI4_Macrotermes_sp_Philippines_1" 6 5 11 2 1 6 1 0 0 1 2 1 0.054906742 36 0.166666666666667 0.138888888888889 0.305555555555556 0.0555555555555556 0.0277777777777778 0.166666666666667 0.0277777777777778 0 0 0.0277777777777778 0.0555555555555556 0.0277777777777778
"190" "PHI5_Nasutitermes_matangensis_1" 3 13 17 2 5 7 2 0 1 0 3 0 0.0409120165 53 0.0566037735849057 0.245283018867925 0.320754716981132 0.0377358490566038 0.0943396226415094 0.132075471698113 0.0377358490566038 0 0.0188679245283019 0 0.0566037735849057 0
"191" "Prorhinotermes_canalifrons_1" 35 68 49 10 19 31 15 4 10 2 3 13 0.1557514782 259 0.135135135135135 0.262548262548263 0.189189189189189 0.0386100386100386 0.0733590733590734 0.11969111969112 0.0579150579150579 0.0154440154440154 0.0386100386100386 0.00772200772200772 0.0115830115830116 0.0501930501930502
"192" "RDCT011_Macrotermes_muelleri_Congo_1" 20 72 40 13 11 10 12 0 7 0 13 11 0.0941020456 209 0.0956937799043062 0.344497607655502 0.191387559808612 0.062200956937799 0.0526315789473684 0.0478468899521531 0.0574162679425837 0 0.0334928229665072 0 0.062200956937799 0.0526315789473684
"193" "RDCT012_Furculitermes_longilabius_1" 19 27 29 4 6 17 8 2 7 0 3 2 0.0433639812 124 0.153225806451613 0.217741935483871 0.233870967741935 0.032258064516129 0.0483870967741935 0.137096774193548 0.0645161290322581 0.0161290322580645 0.0564516129032258 0 0.0241935483870968 0.0161290322580645
"194" "RDCT016_Protermes_prorepens_1" 33 56 48 6 36 16 22 2 19 1 19 11 0.1050802812 269 0.122676579925651 0.20817843866171 0.178438661710037 0.0223048327137546 0.133828996282528 0.0594795539033457 0.0817843866171004 0.00743494423791822 0.0706319702602231 0.00371747211895911 0.0706319702602231 0.0408921933085502
"195" "RDCT033_Microcerotermes_fuscotibialis_1" 22 53 45 4 6 8 5 0 5 0 4 2 0.1442253248 154 0.142857142857143 0.344155844155844 0.292207792207792 0.025974025974026 0.038961038961039 0.051948051948052 0.0324675324675325 0 0.0324675324675325 0 0.025974025974026 0.012987012987013
"196" "RDCT040_Acidnotermes_praus_1" 14 51 33 5 5 9 7 1 4 1 5 10 0.0730889691 145 0.096551724137931 0.351724137931034 0.227586206896552 0.0344827586206897 0.0344827586206897 0.0620689655172414 0.0482758620689655 0.00689655172413793 0.0275862068965517 0.00689655172413793 0.0344827586206897 0.0689655172413793
"197" "RDCT046_Astalotermes_quietus_1" 0 0 2 0 1 0 0 0 0 0 0 0 0.1087163518 3 0 0 0.666666666666667 0 0.333333333333333 0 0 0 0 0 0 0
"198" "RDCT048_Microtermes_sp._1" 1 0 0 0 0 1 0 0 0 0 0 0 0.0490393975 2 0.5 0 0 0 0 0.5 0 0 0 0 0 0
"199" "RDCT051_Orthotermes_depressifrons_1" 28 43 32 3 13 11 7 2 8 2 16 3 0.0954942349 168 0.166666666666667 0.255952380952381 0.19047619047619 0.0178571428571429 0.0773809523809524 0.0654761904761905 0.0416666666666667 0.0119047619047619 0.0476190476190476 0.0119047619047619 0.0952380952380952 0.0178571428571429
"200" "RDCT052_Astalotermes_sp.B_1" 33 60 53 6 36 16 45 1 7 3 25 25 0.0309109098 310 0.106451612903226 0.193548387096774 0.170967741935484 0.0193548387096774 0.116129032258065 0.0516129032258065 0.145161290322581 0.0032258064516129 0.0225806451612903 0.00967741935483871 0.0806451612903226 0.0806451612903226
"201" "RDCT067_Coptotermes_sjosdteti_Congo_1" 0 3 0 0 0 1 0 0 0 0 0 0 0.0254810775 4 0 0.75 0 0 0 0.25 0 0 0 0 0 0
"202" "RDCT073_Astalotermes_quietus_1" 1 0 1 0 0 0 0 0 0 0 0 0 0.094324389 2 0.5 0 0.5 0 0 0 0 0 0 0 0 0
"203" "RDCT089_Microtermes_sp._1" 0 1 0 0 0 1 0 0 1 0 0 0 0.042418406 3 0 0.333333333333333 0 0 0 0.333333333333333 0 0 0.333333333333333 0 0 0
"204" "RDCT100_Noditermes_cristifrons_1" 9 59 46 5 8 8 16 2 11 1 14 13 0.0820320634 192 0.046875 0.307291666666667 0.239583333333333 0.0260416666666667 0.0416666666666667 0.0416666666666667 0.0833333333333333 0.0104166666666667 0.0572916666666667 0.00520833333333333 0.0729166666666667 0.0677083333333333
"205" "RDCT106_Nasutitermes_lujae_1" 49 73 43 9 21 23 31 3 16 5 15 15 0.0218781459 303 0.161716171617162 0.240924092409241 0.141914191419142 0.0297029702970297 0.0693069306930693 0.0759075907590759 0.102310231023102 0.0099009900990099 0.0528052805280528 0.0165016501650165 0.0495049504950495 0.0495049504950495
"206" "RDCT108_Procubitermes_undulans_1" 38 44 39 10 21 12 33 1 10 3 21 5 0.0699639458 237 0.160337552742616 0.185654008438819 0.164556962025316 0.0421940928270042 0.0886075949367089 0.0506329113924051 0.139240506329114 0.00421940928270042 0.0421940928270042 0.0126582278481013 0.0886075949367089 0.0210970464135021
"207" "RDCT114_Postsubulitermes_parviconstrictus_1" 2 6 6 2 1 0 1 0 0 0 0 0 0.0559879326 18 0.111111111111111 0.333333333333333 0.333333333333333 0.111111111111111 0.0555555555555556 0 0.0555555555555556 0 0 0 0 0
"208" "RDCT125_Tuberculitermes_bycanistes_1" 40 69 45 14 47 23 45 2 19 4 24 15 0.0640231742 347 0.115273775216138 0.198847262247839 0.129682997118156 0.0403458213256484 0.135446685878963 0.0662824207492795 0.129682997118156 0.00576368876080692 0.0547550432276657 0.0115273775216138 0.069164265129683 0.0432276657060519
"209" "RDCT127_Nasutitermes_sp.A_1" 16 31 23 2 7 7 5 1 3 0 3 3 0.0543027347 101 0.158415841584158 0.306930693069307 0.227722772277228 0.0198019801980198 0.0693069306930693 0.0693069306930693 0.0495049504950495 0.0099009900990099 0.0297029702970297 0 0.0297029702970297 0.0297029702970297
"210" "RDCT131_Orthotermes_mansuetus_1" 26 39 33 7 5 8 11 0 6 1 5 7 0.0455774275 148 0.175675675675676 0.263513513513513 0.222972972972973 0.0472972972972973 0.0337837837837838 0.0540540540540541 0.0743243243243243 0 0.0405405405405405 0.00675675675675676 0.0337837837837838 0.0472972972972973
"211" "RDCT137_Nasutitermes_latifrons_1" 12 25 17 2 13 8 5 1 4 1 3 6 0.0575507014 97 0.123711340206186 0.257731958762887 0.175257731958763 0.0206185567010309 0.134020618556701 0.0824742268041237 0.0515463917525773 0.0103092783505155 0.0412371134020619 0.0103092783505155 0.0309278350515464 0.0618556701030928
"212" "RDCT144_Odontotermes_sp.D_1" 30 64 47 7 40 19 20 3 18 7 7 16 0.0520137326 278 0.107913669064748 0.23021582733813 0.169064748201439 0.0251798561151079 0.143884892086331 0.0683453237410072 0.0719424460431655 0.0107913669064748 0.0647482014388489 0.0251798561151079 0.0251798561151079 0.0575539568345324
"213" "RDCT159_Proboscitermes_tubuliferus_1" 22 63 49 8 10 4 25 1 12 0 10 8 0.0385416095 212 0.10377358490566 0.297169811320755 0.231132075471698 0.0377358490566038 0.0471698113207547 0.0188679245283019 0.117924528301887 0.00471698113207547 0.0566037735849057 0 0.0471698113207547 0.0377358490566038
"214" "RDCT160_Odontotermes_nr.pauperans_1" 15 37 30 4 3 13 1 1 2 0 1 3 0.0565104923 110 0.136363636363636 0.336363636363636 0.272727272727273 0.0363636363636364 0.0272727272727273 0.118181818181818 0.00909090909090909 0.00909090909090909 0.0181818181818182 0 0.00909090909090909 0.0272727272727273
"215" "RDCT163_Glyptotermes_spA_Congo_1" 25 41 27 3 39 11 48 0 12 3 34 21 0.0542477892 264 0.0946969696969697 0.15530303030303 0.102272727272727 0.0113636363636364 0.147727272727273 0.0416666666666667 0.181818181818182 0 0.0454545454545455 0.0113636363636364 0.128787878787879 0.0795454545454545
"216" "RDCT165_Sphaerotermes_sphaerothorax_1" 7 11 7 0 1 2 0 0 0 1 1 0 0.0658884158 30 0.233333333333333 0.366666666666667 0.233333333333333 0 0.0333333333333333 0.0666666666666667 0 0 0 0.0333333333333333 0.0333333333333333 0
"217" "RDCT175_Microtermes_sp._1" 1 2 2 0 0 2 0 0 0 0 0 0 0.0478598783 7 0.142857142857143 0.285714285714286 0.285714285714286 0 0 0.285714285714286 0 0 0 0 0 0
"218" "RDCT180_Cephalotermes_rectangularis_1" 21 24 29 1 6 12 6 1 3 0 1 4 0.022590737 108 0.194444444444444 0.222222222222222 0.268518518518519 0.00925925925925926 0.0555555555555556 0.111111111111111 0.0555555555555556 0.00925925925925926 0.0277777777777778 0 0.00925925925925926 0.037037037037037
"219" "RDCT183_Apilitermes_longiceps_1" 34 32 27 16 18 19 37 2 21 2 20 8 0.064953781 236 0.144067796610169 0.135593220338983 0.114406779661017 0.0677966101694915 0.076271186440678 0.0805084745762712 0.156779661016949 0.00847457627118644 0.0889830508474576 0.00847457627118644 0.0847457627118644 0.0338983050847458
"220" "RDCT211_Termes_hospes_1" 5 5 7 0 0 2 0 0 1 0 0 1 0.0321536569 21 0.238095238095238 0.238095238095238 0.333333333333333 0 0 0.0952380952380952 0 0 0.0476190476190476 0 0 0.0476190476190476
"221" "RDCT70_Ateuchotermes_retifaciens_1" 40 33 29 1 16 20 13 0 9 1 7 7 0.0451068593 176 0.227272727272727 0.1875 0.164772727272727 0.00568181818181818 0.0909090909090909 0.113636363636364 0.0738636363636364 0 0.0511363636363636 0.00568181818181818 0.0397727272727273 0.0397727272727273
"222" "Reticulitermes_flavipes_IS58_1" 4 2 0 2 0 1 0 0 0 0 0 0 0.1023786279 9 0.444444444444444 0.222222222222222 0 0.222222222222222 0 0.111111111111111 0 0 0 0 0 0
"223" "Reticulitermes_santonensis_1" 4 11 7 4 0 4 4 0 2 0 0 2 0.1221370222 38 0.105263157894737 0.289473684210526 0.184210526315789 0.105263157894737 0 0.105263157894737 0.105263157894737 0 0.0526315789473684 0 0 0.0526315789473684
"224" "SAF1_Microtermes_sp.A_1" 38 39 38 6 19 15 18 2 11 1 4 8 0.0844507075 199 0.190954773869347 0.195979899497487 0.190954773869347 0.0301507537688442 0.0954773869346734 0.0753768844221105 0.0904522613065327 0.0100502512562814 0.0552763819095477 0.0050251256281407 0.0201005025125628 0.0402010050251256
"225" "SAF2_Macrotermes_falciger_SouthAfrica_1" 22 18 11 2 6 17 8 0 13 1 1 1 0.0636651304 100 0.22 0.18 0.11 0.02 0.06 0.17 0.08 0 0.13 0.01 0.01 0.01
"226" "SAF6_Alyscotermes_sp._1" 9 16 14 2 1 14 2 0 3 2 2 6 0.0418857901 71 0.126760563380282 0.225352112676056 0.197183098591549 0.028169014084507 0.0140845070422535 0.197183098591549 0.028169014084507 0 0.0422535211267606 0.028169014084507 0.028169014084507 0.0845070422535211
"227" "SING47_Microcerotermes_crassus_1" 2 4 6 0 0 6 1 0 1 0 2 0 0.0509527288 22 0.0909090909090909 0.181818181818182 0.272727272727273 0 0 0.272727272727273 0.0454545454545455 0 0.0454545454545455 0 0.0909090909090909 0
"228" "SING48_Microcerotermes_sp.B_1" 20 36 52 4 11 18 24 0 8 0 9 3 0.030928919 185 0.108108108108108 0.194594594594595 0.281081081081081 0.0216216216216216 0.0594594594594595 0.0972972972972973 0.12972972972973 0 0.0432432432432432 0 0.0486486486486487 0.0162162162162162
"229" "SING54_Hospitalitermes_hospitalis_1" 14 16 24 3 9 13 10 2 2 0 3 4 0.0277562719 100 0.14 0.16 0.24 0.03 0.09 0.13 0.1 0.02 0.02 0 0.03 0.04
"230" "SING60_Macrotermes_malaccensis_1" 30 41 30 8 29 11 25 1 11 2 13 4 0.0723007169 205 0.146341463414634 0.2 0.146341463414634 0.0390243902439024 0.141463414634146 0.0536585365853659 0.121951219512195 0.0048780487804878 0.0536585365853659 0.00975609756097561 0.0634146341463415 0.0195121951219512
"231" "SING73_Termes_comis_1" 25 63 54 4 5 18 16 2 11 2 6 8 0.0843008027 214 0.116822429906542 0.294392523364486 0.252336448598131 0.0186915887850467 0.0233644859813084 0.0841121495327103 0.0747663551401869 0.00934579439252336 0.0514018691588785 0.00934579439252336 0.0280373831775701 0.0373831775700935
"232" "SING75_Schedorhinotermes_medioobscurus_Singapore_1" 8 14 17 3 3 9 2 0 4 0 3 1 0.0896690466 64 0.125 0.21875 0.265625 0.046875 0.046875 0.140625 0.03125 0 0.0625 0 0.046875 0.015625
"233" "SING77_Havilanditermes_proatripennis_1" 52 53 40 14 19 21 33 0 7 1 16 10 0.1128526508 266 0.195488721804511 0.199248120300752 0.150375939849624 0.0526315789473684 0.0714285714285714 0.0789473684210526 0.12406015037594 0 0.0263157894736842 0.0037593984962406 0.0601503759398496 0.037593984962406
"234" "SING78_Hirtitermes_hirtiventris_1" 34 30 29 15 36 15 54 2 29 4 38 11 0.0334763671 297 0.114478114478114 0.101010101010101 0.0976430976430976 0.0505050505050505 0.121212121212121 0.0505050505050505 0.181818181818182 0.00673400673400673 0.0976430976430976 0.0134680134680135 0.127946127946128 0.037037037037037
"235" "SING80_Coptotermes_kalshoveni_Singapore_1" 2 0 2 0 1 0 0 0 0 0 0 0 0.4062607203 5 0.4 0 0.4 0 0.2 0 0 0 0 0 0 0
"236" "SING86_Globitermes_globosus_1" 30 61 43 5 26 22 28 2 5 0 12 17 0.020053623 251 0.119521912350598 0.243027888446215 0.171314741035857 0.0199203187250996 0.103585657370518 0.0876494023904383 0.111553784860558 0.00796812749003984 0.0199203187250996 0 0.047808764940239 0.0677290836653386
"237" "SING87_Macrotermes_carbonarius_Singapore_1" 0 2 1 0 0 0 0 0 0 0 0 0 0.0587225189 3 0 0.666666666666667 0.333333333333333 0 0 0 0 0 0 0 0 0
"238" "SING88_Procapritermes_sp.G_1" 36 65 48 4 41 19 54 5 9 2 46 15 0.043171146 344 0.104651162790698 0.188953488372093 0.13953488372093 0.0116279069767442 0.119186046511628 0.0552325581395349 0.156976744186047 0.0145348837209302 0.0261627906976744 0.00581395348837209 0.133720930232558 0.0436046511627907
"239" "SING89_Mirocapritermes_connectens_1" 7 15 6 2 0 7 4 0 0 0 1 1 0.0482287376 43 0.162790697674419 0.348837209302326 0.13953488372093 0.0465116279069767 0 0.162790697674419 0.0930232558139535 0 0 0 0.0232558139534884 0.0232558139534884
"240" "SING91_Macrotermes_gilvus_Singapore_1" 0 1 0 0 0 0 0 0 0 0 0 0 0.0502134282 1 0 1 0 0 0 0 0 0 0 0 0 0
"241" "Sinocapritermes_mushae_Japan_1" 20 15 9 5 3 9 11 1 7 0 10 4 0.0879789195 94 0.212765957446809 0.159574468085106 0.0957446808510638 0.0531914893617021 0.0319148936170213 0.0957446808510638 0.117021276595745 0.0106382978723404 0.074468085106383 0 0.106382978723404 0.0425531914893617
"242" "T1.15a_Leucopitermes_leucops_1" 41 26 29 11 10 17 24 1 16 1 21 6 0.0365887992 203 0.201970443349754 0.12807881773399 0.142857142857143 0.0541871921182266 0.0492610837438424 0.083743842364532 0.118226600985222 0.00492610837438424 0.0788177339901478 0.00492610837438424 0.103448275862069 0.0295566502463054
"243" "T1.6c_Procapritermes_sp.A_1" 30 24 23 8 13 15 34 1 9 1 31 8 0.0383240166 197 0.152284263959391 0.121827411167513 0.116751269035533 0.0406091370558376 0.065989847715736 0.0761421319796954 0.17258883248731 0.0050761421319797 0.0456852791878173 0.0050761421319797 0.157360406091371 0.0406091370558376
"244" "T2.13c_Schedorhinotermes_longirostris_Singapore_1" 12 24 14 1 2 11 2 0 1 2 7 1 0.1455579772 77 0.155844155844156 0.311688311688312 0.181818181818182 0.012987012987013 0.025974025974026 0.142857142857143 0.025974025974026 0 0.012987012987013 0.025974025974026 0.0909090909090909 0.012987012987013
"245" "T2.13d_Nasutitermes_matangensis_1" 0 2 0 0 0 0 0 0 0 0 0 0 0.0579622366 2 0 1 0 0 0 0 0 0 0 0 0 0
"246" "T2.1c_Microcerotermes_havilandi_1" 19 42 39 6 5 7 7 1 2 0 4 3 0.0247907747 135 0.140740740740741 0.311111111111111 0.288888888888889 0.0444444444444444 0.037037037037037 0.0518518518518519 0.0518518518518519 0.00740740740740741 0.0148148148148148 0 0.0296296296296296 0.0222222222222222
"247" "T2.1d_Schedorhinotermes_translucens_Singapore_1" 10 10 5 0 1 3 2 0 2 0 2 0 0.1696021189 35 0.285714285714286 0.285714285714286 0.142857142857143 0 0.0285714285714286 0.0857142857142857 0.0571428571428571 0 0.0571428571428571 0 0.0571428571428571 0
"248" "T4.14A_Euhamitermes_hamatus_1" 3 14 5 2 2 1 1 0 0 0 0 0 0.0734996133 28 0.107142857142857 0.5 0.178571428571429 0.0714285714285714 0.0714285714285714 0.0357142857142857 0.0357142857142857 0 0 0 0 0
"249" "TBRU1.1b_Parrhinotermes_aequalis_spB_Brunei_1" 19 37 24 8 3 11 7 2 3 0 3 4 0.1316867696 121 0.15702479338843 0.305785123966942 0.198347107438017 0.0661157024793388 0.0247933884297521 0.0909090909090909 0.0578512396694215 0.0165289256198347 0.0247933884297521 0 0.0247933884297521 0.0330578512396694
"250" "TBRU1.20_Schedorhinotermes_spA_Brunei_1" 7 15 12 2 3 8 1 0 2 1 1 0 0.109148983 52 0.134615384615385 0.288461538461538 0.230769230769231 0.0384615384615385 0.0576923076923077 0.153846153846154 0.0192307692307692 0 0.0384615384615385 0.0192307692307692 0.0192307692307692 0
"251" "TBRU1.22c_Parrhinotermes_microdentiformis_spA_Brunei_1" 51 51 41 4 17 21 26 0 12 0 18 17 0.1350842567 258 0.197674418604651 0.197674418604651 0.158914728682171 0.0155038759689922 0.0658914728682171 0.0813953488372093 0.10077519379845 0 0.0465116279069767 0 0.0697674418604651 0.0658914728682171
"252" "TBRU3.18a_Microcerotermes_nr.havilandi_1" 18 37 41 4 6 15 9 0 6 2 2 8 0.0333003819 148 0.121621621621622 0.25 0.277027027027027 0.027027027027027 0.0405405405405405 0.101351351351351 0.0608108108108108 0 0.0405405405405405 0.0135135135135135 0.0135135135135135 0.0540540540540541
"253" "TBRU3.4a_Nasutitermes_longirostris_1" 0 3 1 0 0 3 2 0 0 0 1 0 0.0553312352 10 0 0.3 0.1 0 0 0.3 0.2 0 0 0 0.1 0
"254" "TBRU4.10A_Coptotermes_sepangensis_1" 8 15 9 2 0 7 1 1 2 0 2 0 0.188870688 47 0.170212765957447 0.319148936170213 0.191489361702128 0.0425531914893617 0 0.148936170212766 0.0212765957446809 0.0212765957446809 0.0425531914893617 0 0.0425531914893617 0
"255" "TBRU4-16A_Coptotermes_travians_Brunei_1" 1 2 1 0 0 0 0 0 0 0 0 0 0.0885803793 4 0.25 0.5 0.25 0 0 0 0 0 0 0 0 0
"256" "TBRU5.3b_Oriensubulitermes_inanis_1" 3 11 7 3 1 1 1 0 2 0 0 1 0.0359360486 30 0.1 0.366666666666667 0.233333333333333 0.1 0.0333333333333333 0.0333333333333333 0.0333333333333333 0 0.0666666666666667 0 0 0.0333333333333333
"257" "TBRU5.4a_Glyptotermes_1" 50 79 58 8 49 18 60 3 15 3 24 24 0.0370956951 391 0.127877237851662 0.202046035805627 0.148337595907928 0.020460358056266 0.125319693094629 0.0460358056265985 0.153452685421995 0.00767263427109974 0.0383631713554987 0.00767263427109974 0.061381074168798 0.061381074168798
"258" "TBRU5.4b_Schedorhinotermes_spB_Brunei_1" 10 10 10 2 0 5 3 0 3 0 2 2 0.1762358894 47 0.212765957446809 0.212765957446809 0.212765957446809 0.0425531914893617 0 0.106382978723404 0.0638297872340425 0 0.0638297872340425 0 0.0425531914893617 0.0425531914893617
"259" "TBRU8.14E_Labritermes_buttelreepeni_1" 28 64 54 6 66 17 54 5 28 5 28 21 0.0853498389 376 0.074468085106383 0.170212765957447 0.143617021276596 0.0159574468085106 0.175531914893617 0.0452127659574468 0.143617021276596 0.0132978723404255 0.074468085106383 0.0132978723404255 0.074468085106383 0.0558510638297872
"260" "TBRU9.12E_Microcerotermes_serrula_1" 31 44 29 6 14 21 27 3 7 3 10 7 0.0365836077 202 0.153465346534653 0.217821782178218 0.143564356435644 0.0297029702970297 0.0693069306930693 0.103960396039604 0.133663366336634 0.0148514851485149 0.0346534653465347 0.0148514851485149 0.0495049504950495 0.0346534653465347
"261" "TBRU9.19E_Odontotermes_mathuri_1" 4 5 3 1 1 7 0 0 3 0 0 0 0.0953562675 24 0.166666666666667 0.208333333333333 0.125 0.0416666666666667 0.0416666666666667 0.291666666666667 0 0 0.125 0 0 0
"262" "THAI005_Odontotermes_sp.6_1" 6 22 7 0 2 8 3 1 2 1 4 0 0.0384085695 56 0.107142857142857 0.392857142857143 0.125 0 0.0357142857142857 0.142857142857143 0.0535714285714286 0.0178571428571429 0.0357142857142857 0.0178571428571429 0.0714285714285714 0
"263" "THAI021_Nasutitermes_sp.2_1" 45 38 34 10 17 19 33 0 14 1 20 5 0.0342113715 236 0.190677966101695 0.161016949152542 0.144067796610169 0.0423728813559322 0.0720338983050847 0.0805084745762712 0.139830508474576 0 0.0593220338983051 0.00423728813559322 0.0847457627118644 0.0211864406779661
"264" "THAI026_Dicuspiditermes_sp.2_1" 35 53 34 14 26 19 50 4 31 8 37 19 0.0353396752 330 0.106060606060606 0.160606060606061 0.103030303030303 0.0424242424242424 0.0787878787878788 0.0575757575757576 0.151515151515152 0.0121212121212121 0.0939393939393939 0.0242424242424242 0.112121212121212 0.0575757575757576
"265" "THAI027_Coptotermes_kalshoveni_Thailand_1" 0 2 1 1 0 0 0 0 1 0 0 0 0.2487320772 5 0 0.4 0.2 0.2 0 0 0 0 0.2 0 0 0
"266" "THAI036_Termes_rostratus_1" 5 8 11 0 1 4 2 0 2 0 1 0 0.0797213575 34 0.147058823529412 0.235294117647059 0.323529411764706 0 0.0294117647058824 0.117647058823529 0.0588235294117647 0 0.0588235294117647 0 0.0294117647058824 0
"267" "THAI038_Mirocapritermes_sp.1_1" 11 17 12 4 4 4 2 0 2 0 3 2 0.0309904493 61 0.180327868852459 0.278688524590164 0.19672131147541 0.0655737704918033 0.0655737704918033 0.0655737704918033 0.0327868852459016 0 0.0327868852459016 0 0.0491803278688525 0.0327868852459016
"268" "THAI045_Oriensubulitermes_inanis_1" 3 5 8 1 1 4 2 0 3 0 0 0 0.0374593719 27 0.111111111111111 0.185185185185185 0.296296296296296 0.037037037037037 0.037037037037037 0.148148148148148 0.0740740740740741 0 0.111111111111111 0 0 0
"269" "THAI047_Macrotermes_carbonarius_Thailand_1" 1 5 5 0 0 0 0 0 0 0 0 0 0.0558762499 11 0.0909090909090909 0.454545454545455 0.454545454545455 0 0 0 0 0 0 0 0 0
"270" "THAI052_Hospitalitermes_sp.D_1" 23 35 26 3 19 13 10 0 9 0 6 4 0.0672352532 148 0.155405405405405 0.236486486486486 0.175675675675676 0.0202702702702703 0.128378378378378 0.0878378378378378 0.0675675675675676 0 0.0608108108108108 0 0.0405405405405405 0.027027027027027
"271" "THAI055_Microcerotermes_sp.A_1" 20 53 43 4 11 20 6 3 4 1 5 1 0.0848904336 171 0.116959064327485 0.309941520467836 0.251461988304094 0.0233918128654971 0.064327485380117 0.116959064327485 0.0350877192982456 0.0175438596491228 0.0233918128654971 0.00584795321637427 0.0292397660818713 0.00584795321637427
"272" "THAI061_Pericapritermes_sp.3_1" 12 31 25 2 7 13 16 0 11 0 14 4 0.0367986492 135 0.0888888888888889 0.22962962962963 0.185185185185185 0.0148148148148148 0.0518518518518519 0.0962962962962963 0.118518518518519 0 0.0814814814814815 0 0.103703703703704 0.0296296296296296
"273" "THAI063_Schedorhinotermes_sp3_Thailand_1" 0 0 2 0 0 0 0 0 0 0 0 0 0.179342181 2 0 0 1 0 0 0 0 0 0 0 0 0
"274" "THAI066_Euhamitermes_hamatus_1" 3 11 5 0 1 0 0 1 2 0 0 2 0.1127198969 25 0.12 0.44 0.2 0 0.04 0 0 0.04 0.08 0 0 0.08
"275" "THAI067_Hospitalitermes_sp.C_1" 39 34 40 6 12 21 37 2 19 1 27 6 0.0880023165 244 0.159836065573771 0.139344262295082 0.163934426229508 0.0245901639344262 0.0491803278688525 0.0860655737704918 0.151639344262295 0.00819672131147541 0.0778688524590164 0.00409836065573771 0.110655737704918 0.0245901639344262
"276" "THAI078_Mirocapritermes_sp.2_1" 26 30 31 8 14 11 25 1 6 1 21 5 0.0289142528 179 0.145251396648045 0.167597765363128 0.173184357541899 0.0446927374301676 0.0782122905027933 0.0614525139664804 0.139664804469274 0.00558659217877095 0.0335195530726257 0.00558659217877095 0.11731843575419 0.0279329608938547
"277" "THAI091_Aciculitermes_maymyoensis_1" 20 54 32 4 13 6 17 2 9 0 11 6 0.0649918522 174 0.114942528735632 0.310344827586207 0.183908045977011 0.0229885057471264 0.0747126436781609 0.0344827586206897 0.0977011494252874 0.0114942528735632 0.0517241379310345 0 0.0632183908045977 0.0344827586206897
"278" "THAI092_Schedorhinotermes_sp2_Thailand_1" 0 0 1 0 0 0 0 0 0 0 0 0 0.12727246 1 0 0 1 0 0 0 0 0 0 0 0 0
"279" "THAI093_Bulbitermes_makhamensis_1" 26 28 33 6 8 13 11 2 9 1 3 7 0.0551654611 147 0.17687074829932 0.19047619047619 0.224489795918367 0.0408163265306122 0.054421768707483 0.0884353741496599 0.0748299319727891 0.0136054421768707 0.0612244897959184 0.00680272108843537 0.0204081632653061 0.0476190476190476
"280" "THAI096_Termes_rostratus_1" 11 20 7 4 3 10 2 0 4 0 2 4 0.0448748004 67 0.164179104477612 0.298507462686567 0.104477611940299 0.0597014925373134 0.0447761194029851 0.149253731343284 0.0298507462686567 0 0.0597014925373134 0 0.0298507462686567 0.0597014925373134
"281" "THAI100_Bulbitermes_nr.laticephalus_1" 16 24 11 7 3 10 3 0 2 0 6 1 0.0880313525 83 0.192771084337349 0.289156626506024 0.132530120481928 0.0843373493975904 0.036144578313253 0.120481927710843 0.036144578313253 0 0.0240963855421687 0 0.072289156626506 0.0120481927710843
"282" "THAI102_Odontotermes_longignathus_1" 32 39 23 4 13 26 13 3 13 3 3 5 0.1174636776 177 0.180790960451977 0.220338983050847 0.129943502824859 0.0225988700564972 0.0734463276836158 0.146892655367232 0.0734463276836158 0.0169491525423729 0.0734463276836158 0.0169491525423729 0.0169491525423729 0.0282485875706215
"283" "THAI105_Sinocapritermes_sp.1_1" 16 24 19 2 1 5 3 0 4 0 6 4 0.0405626986 84 0.19047619047619 0.285714285714286 0.226190476190476 0.0238095238095238 0.0119047619047619 0.0595238095238095 0.0357142857142857 0 0.0476190476190476 0 0.0714285714285714 0.0476190476190476
"284" "THAI108_NODE_1_length_15711_cov_281392_ID_711_1" 36 47 30 3 13 15 34 1 5 1 17 6 0.0294089907 208 0.173076923076923 0.225961538461538 0.144230769230769 0.0144230769230769 0.0625 0.0721153846153846 0.163461538461538 0.00480769230769231 0.0240384615384615 0.00480769230769231 0.0817307692307692 0.0288461538461538
"285" "THAI95_Microcerotermes_crassus_1" 5 8 6 0 2 5 1 0 1 0 0 0 0.0416512654 28 0.178571428571429 0.285714285714286 0.214285714285714 0 0.0714285714285714 0.178571428571429 0.0357142857142857 0 0.0357142857142857 0 0 0
"286" "TP1.15A_Cryptotermes_sp3_Malaysia_1" 37 84 52 4 37 17 54 2 17 3 26 21 0.0355227286 354 0.104519774011299 0.23728813559322 0.146892655367232 0.0112994350282486 0.104519774011299 0.0480225988700565 0.152542372881356 0.00564971751412429 0.0480225988700565 0.00847457627118644 0.0734463276836158 0.0593220338983051
"287" "TP1.19B_Pericapritermes_sp.G_1" 20 39 26 6 15 14 43 2 15 2 22 16 0.0451035219 220 0.0909090909090909 0.177272727272727 0.118181818181818 0.0272727272727273 0.0681818181818182 0.0636363636363636 0.195454545454545 0.00909090909090909 0.0681818181818182 0.00909090909090909 0.1 0.0727272727272727
"288" "TP1.19C_Termes_rostratus_1" 5 17 13 0 1 2 1 0 2 1 0 0 0.063930285 42 0.119047619047619 0.404761904761905 0.30952380952381 0 0.0238095238095238 0.0476190476190476 0.0238095238095238 0 0.0476190476190476 0.0238095238095238 0 0
"289" "TP1.25B_Schedorhinotermes_spB_Malaysia_1" 2 1 8 0 1 1 1 0 0 0 2 0 0.2302535398 16 0.125 0.0625 0.5 0 0.0625 0.0625 0.0625 0 0 0 0.125 0
"290" "TP1.6A_Odontotermes_minutus_1" 8 12 9 0 0 5 2 0 0 0 0 3 0.0993686767 39 0.205128205128205 0.307692307692308 0.230769230769231 0 0 0.128205128205128 0.0512820512820513 0 0 0 0 0.0769230769230769
"291" "TP1.8B_Odontotermes_hainanensis_1" 9 8 12 1 2 3 1 0 0 0 0 1 0.0862932114 37 0.243243243243243 0.216216216216216 0.324324324324324 0.027027027027027 0.0540540540540541 0.0810810810810811 0.027027027027027 0 0 0 0 0.027027027027027
"292" "TW5238_Stylotermes_sp._1" 3 4 3 1 1 3 1 0 0 0 0 1 0.0882608116 17 0.176470588235294 0.235294117647059 0.176470588235294 0.0588235294117647 0.0588235294117647 0.176470588235294 0.0588235294117647 0 0 0 0 0.0588235294117647
"293" "US12_Coptotermes_formosanus_US_1" 0 1 0 1 0 0 0 0 0 0 0 0 0.183938872 2 0 0.5 0 0.5 0 0 0 0 0 0 0 0
"294" "US1_Reticulitermes_nelsonae_US_1" 2 15 6 1 3 5 0 3 1 0 1 1 0.133019814 38 0.0526315789473684 0.394736842105263 0.157894736842105 0.0263157894736842 0.0789473684210526 0.131578947368421 0 0.0789473684210526 0.0263157894736842 0 0.0263157894736842 0.0263157894736842
"295" "WA1_Microcerotermes_sp.C_1" 6 12 7 2 0 5 2 0 0 0 2 3 0.0250607939 39 0.153846153846154 0.307692307692308 0.179487179487179 0.0512820512820513 0 0.128205128205128 0.0512820512820513 0 0 0 0.0512820512820513 0.0769230769230769
"296" "WA2_Microcerotermes_newmani_1" 28 41 35 5 9 11 14 0 7 1 5 12 0.0452741966 168 0.166666666666667 0.244047619047619 0.208333333333333 0.0297619047619048 0.0535714285714286 0.0654761904761905 0.0833333333333333 0 0.0416666666666667 0.00595238095238095 0.0297619047619048 0.0714285714285714
