Species	C_T	A_G	T_C	G_T	A_C	G_A	A_T	G_C	C_A	C_G	T_A	T_G	BranchLength	C_T_rate	A_G_rate	T_C_rate	G_T_rate	A_C_rate	G_A_rate	A_T_rate	G_C_rate	C_A_rate	C_G_rate	T_A_rate	T_G_rate
3.11.1_Nasutitermes_exitiosus_1	2	3	4	0	0	3	0	0	0	0	0	0	0.0309425494	64.6359152294025	96.9538728441038	129.271830458805	0	0	96.9538728441038	0	0	0	0	0	0
3.12.2.AUS_Heterotermes_cf_occiduus_1	21	35	24	5	3	23	6	2	5	1	1	0	0.1290936683	162.672579349114	271.120965581857	185.911519256131	38.7315665116939	23.2389399070163	178.165205953792	46.4778798140327	15.4926266046776	38.7315665116939	7.74631330233878	7.74631330233878	0
3_15_2_AUS_Heterotermes_occidus_Australia_1	27	27	29	4	3	15	3	2	6	0	4	2	0.1604127339	168.315814733459	168.315814733459	180.783652861863	24.9356762568087	18.7017571926065	93.5087859630326	18.7017571926065	12.4678381284043	37.403514385213	0	24.9356762568087	12.4678381284043
3.15.6AUS_Heterotermes_platycephalus_Australia_1	34	29	35	5	4	18	4	0	4	0	1	0	0.1273377259	267.006495990832	227.74083481571	274.859628225856	39.2656611751223	31.4125289400979	141.35638023044	31.4125289400979	0	31.4125289400979	0	7.85313223502447	0
Ancistrotermes_pakistanicus_Thailand_1	0	1	2	1	1	2	0	0	0	0	0	0	0.0762862864	0	13.1085159232499	26.2170318464997	13.1085159232499	13.1085159232499	26.2170318464997	0	0	0	0	0	0
AUS101_1	1	0	1	0	0	1	0	0	1	0	0	0	0.0527743902	18.9485846489231	0	18.9485846489231	0	0	18.9485846489231	0	0	18.9485846489231	0	0	0
AUS102_1	1	6	2	2	0	0	0	0	0	0	0	0	0.0572918691	17.4544837811898	104.726902687139	34.9089675623796	34.9089675623796	0	0	0	0	0	0	0	0
AUS103_Heterotermes_cf_paradoxus_1	0	2	0	0	0	0	0	0	0	0	0	0	0.1148374104	0	17.4159273797069	0	0	0	0	0	0	0	0	0	0
AUS104_Schedorhinotermes_sp4_Australia_1	1	4	0	1	0	0	1	0	0	0	0	0	0.1114764456	8.97050488663948	35.8820195465579	0	8.97050488663948	0	0	8.97050488663948	0	0	0	0	0
AUS109_Kalotermitidae_sp_E_Australia_1	17	32	28	4	13	11	34	0	9	2	20	9	0.056771075	299.448266568847	563.667325306065	493.208909642807	70.4584156632581	228.989850905589	193.76064307396	598.896533137694	0	158.531435242331	35.229207831629	352.29207831629	158.531435242331
AUS110_NODE_1_length_15815_cov_394767_ID_1911_1	0	2	1	0	0	2	0	0	0	0	0	0	0.0373067543	0	53.6095953005486	26.8047976502743	0	0	53.6095953005486	0	0	0	0	0	0
AUS111_1	8	14	10	0	0	3	2	0	0	1	0	0	0.0835819392	95.714457890922	167.500301309113	119.643072363652	0	0	35.8929217090957	23.9286144727305	0	0	11.9643072363652	0	0
AUS114_Microcerotermes_sp.H_1	25	26	26	3	8	15	10	0	2	2	1	5	0.0486052758	514.347456907137	534.921355183422	534.921355183422	61.7216948288564	164.591186210284	308.608474144282	205.738982762855	0	41.1477965525709	41.1477965525709	20.5738982762855	102.869491381427
AUS11_Schedorhinotermes_spA_Australia_1	21	18	30	6	3	7	6	2	6	0	6	2	0.1080004911	194.443560266366	166.665908799742	277.776514666237	55.5553029332475	27.7776514666237	64.8145200887887	55.5553029332475	18.5184343110825	55.5553029332475	0	55.5553029332475	18.5184343110825
AUS121_Heterotermes_cf_paradoxus_1	20	34	29	6	4	24	6	1	7	3	3	2	0.0826153438	242.085780680368	411.545827156626	351.024381986534	72.6257342041104	48.4171561360736	290.502936816442	72.6257342041104	12.1042890340184	84.7300232381288	36.3128671020552	36.3128671020552	24.2085780680368
AUS19_Ephelotermes_taylori_1	41	41	41	4	18	20	21	4	14	3	15	5	0.0232415131	1764.08480048573	1764.08480048573	1764.08480048573	172.10583419373	774.476253871784	860.529170968649	903.555629517082	172.10583419373	602.370419678054	129.079375645297	645.396878226487	215.132292742162
AUS30_Microcerotermes_sp._1	6	13	5	0	1	3	6	1	0	0	1	3	0.0656152556	91.4421493162636	198.124656851904	76.2017910968863	0	15.2403582193773	45.7210746581318	91.4421493162636	15.2403582193773	0	0	15.2403582193773	45.7210746581318
AUS46_Lophotermes_septentrionalis_1	40	45	39	6	13	25	13	1	17	3	13	8	0.1702638119	234.929545824411	264.295739052463	229.056307178801	35.2394318736617	76.3521023929337	146.830966140257	76.3521023929337	5.87323864561028	99.8450569753748	17.6197159368308	76.3521023929337	46.9859091648823
AUS47_Heterotermes_vagus_Australia_1	21	82	57	5	12	12	14	2	4	1	6	9	0.1418807645	148.011607309883	577.95008568621	401.745791269683	35.2408588833055	84.5780613199332	84.5780613199332	98.6744048732554	14.0963435533222	28.1926871066444	7.0481717766611	42.2890306599666	63.4335459899499
AUS49_Tumulitermes_sp._1	39	41	59	7	15	21	21	3	14	2	19	6	0.0697737522	558.949444028897	587.613518081661	845.590184556536	100.324259184674	214.980555395729	300.972777554021	300.972777554021	42.9961110791459	200.648518369347	28.6640740527639	272.308703501257	85.9922221582918
AUS4_Amitermes_meridionalis_1	26	35	27	5	13	27	11	3	12	4	11	10	0.0319648157	813.394334696571	1094.95391209154	844.6787321849	156.421987441648	406.697167348285	844.6787321849	344.128372371626	93.8531924649889	375.412769859956	125.137589953319	344.128372371626	312.843974883296
AUS50_Heterotermes_validus_1	28	29	32	6	3	25	7	0	8	1	2	2	0.1675016631	167.162519355308	173.132609332283	191.042879263209	35.8205398618517	17.9102699309258	149.252249424382	41.790629838827	0	47.7607198158022	5.97008997697528	11.9401799539506	11.9401799539506
AUS57_Tumulitermes_recalvus_1	28	46	24	6	11	19	20	1	8	1	7	5	0.023784927	1177.21614197092	1933.99794752366	1009.04240740365	252.260601850912	462.477770060005	798.825239194554	840.868672836372	42.0434336418186	336.347469134549	42.0434336418186	294.30403549273	210.217168209093
AUS5_Tumulitermes_sp._1	29	39	35	5	10	6	20	0	8	2	6	3	0.0206754783	1402.62776895468	1886.29251687009	1692.82661770393	241.832373957704	483.664747915409	290.198848749245	967.329495830817	0	386.931798332327	96.7329495830817	290.198848749245	145.099424374623
AUS66_Microcerotermes_sp.E_1	19	69	50	6	9	17	6	2	11	1	4	7	0.0769674509	246.85759730676	896.48285337718	649.62525607042	77.9550307284504	116.932546092676	220.872587063943	77.9550307284504	25.9850102428168	142.917556335492	12.9925051214084	51.9700204856336	90.9475358498588
AUS6_Microcerotermes_nervosus_1	26	47	33	6	9	18	12	1	7	1	7	6	0.0634515144	409.761693568026	740.723061449893	520.082149528649	94.5603908233906	141.840586235086	283.681172470172	189.120781646781	15.7600651372318	110.320455960622	15.7600651372318	110.320455960622	94.5603908233906
AUS73_Termes-group_sp.F_1	7	11	8	0	1	2	1	0	2	0	0	1	0.0815148972	85.8738738616725	134.944658925485	98.1415701276257	0	12.2676962659532	24.5353925319064	12.2676962659532	0	24.5353925319064	0	0	12.2676962659532
AUS76_Microcerotermes_sp.F_1	5	5	6	0	0	3	1	0	0	0	0	0	0.038614296	129.485722075575	129.485722075575	155.38286649069	0	0	77.6914332453452	25.8971444151151	0	0	0	0	0
AUS82_Microcerotermes_sp.I_1	24	39	46	5	7	20	7	0	7	3	10	6	0.0503944871	476.242569001164	773.894174626891	912.79825725223	99.2172018752424	138.904082625339	396.86880750097	138.904082625339	0	138.904082625339	59.5303211251454	198.434403750485	119.060642250291
AUS87_Schedorhinotermes_breinli_Australia_1	1	3	2	0	2	5	1	0	0	0	0	0	0.0686111033	14.5749004447215	43.7247013341644	29.1498008894429	0	29.1498008894429	72.8745022236073	14.5749004447215	0	0	0	0	0
AUS88_Heterotermes_cf_paradoxus_1	0	0	1	0	0	0	0	0	0	0	0	0	0.1072847522	0	0	9.32098904544983	0	0	0	0	0	0	0	0	0
AUS89_NODE_1_length_15463_cov_359375_ID_1361_1	37	80	33	10	71	20	84	6	14	3	40	42	0.102903061	359.561704388949	777.430712192322	320.690168779333	97.1788390240403	689.969757070686	194.357678048081	816.302247801939	58.3073034144242	136.050374633656	29.1536517072121	388.715356096161	408.151123900969
AUS97_Nasutitermes_sp._1	33	64	31	10	14	13	25	2	7	1	13	12	0.0821869452	401.523622999921	778.712480969545	377.188857969623	121.673825151491	170.343355212088	158.175972696939	304.184562878728	24.3347650302983	85.1716776060439	12.1673825151491	158.175972696939	146.00859018179
AUSNAS_Nasutitermes_exitiosus_1	0	6	8	1	0	2	0	0	0	0	0	0	0.0281467805	0	213.168252049289	284.224336065718	35.5280420082148	0	71.0560840164295	0	0	0	0	0	0
AUST14-12_Stolotermes_victoriensis_1	25	36	24	9	53	16	86	2	13	3	46	23	0.0423590642	590.19245283516	849.87713208263	566.584754721753	212.469283020657	1251.20800001054	377.723169814502	2030.26203775295	47.2153962268128	306.900075474283	70.8230943402192	1085.95411321669	542.977056608347
AUSTRALIANRPERTH_Coptotermes_michaelseni_1	22	42	28	3	7	21	2	2	10	1	5	1	0.3419720194	64.3327487395011	122.817065775411	81.8780438502741	8.77264755538651	20.4695109625685	61.4085328877056	5.84843170359101	5.84843170359101	29.2421585179551	2.92421585179551	14.6210792589775	2.92421585179551
BDIT022_Microcerotermes_parvus_1	1	1	4	0	0	0	1	0	1	0	0	0	0.1027959698	9.72800783868863	9.72800783868863	38.9120313547545	0	0	0	9.72800783868863	0	9.72800783868863	0	0	0
BDIT026_Promirotermes_pygmaeus_1	28	40	31	6	13	12	13	0	6	3	15	9	0.0559263835	500.658155376702	715.225936252431	554.300100595634	107.283890437865	232.44842928204	214.567780875729	232.44842928204	0	107.283890437865	53.6419452189323	268.209726094662	160.925835656797
BDIT034_Termes_hospes_1	3	10	4	0	0	6	1	0	0	0	0	1	0.0419344884	71.5401597697803	238.467199232601	95.3868796930405	0	0	143.080319539561	23.8467199232601	0	0	0	0	23.8467199232601
BDIT049_Aderitotermes_sp.2_1	33	33	38	5	15	10	16	5	11	0	10	4	0.041825276	788.996586657312	788.996586657312	908.541524029632	119.54493737232	358.63481211696	239.08987474464	382.543799591424	119.54493737232	262.998862219104	0	239.08987474464	95.635949897856
BDIT051_Microtermes_sp_Burundi_1	32	42	26	8	10	16	11	1	10	3	11	10	0.0695620528	460.020926811982	603.777466440726	373.767003034735	115.005231702995	143.756539628744	230.010463405991	158.132193591619	14.3756539628744	143.756539628744	43.1269618886233	158.132193591619	143.756539628744
BDIT061_Alyscotermes_kilimandjaricus_1	11	34	27	5	4	8	10	0	4	2	7	3	0.024111631	456.211361230603	1410.10784380368	1119.79152302057	207.368800559365	165.895040447492	331.790080894984	414.73760111873	0	165.895040447492	82.947520223746	290.316320783111	124.421280335619
BDIT062_Acholotermes_chirotus_1	33	49	50	8	42	14	27	3	18	3	25	19	0.0386169997	854.545932008281	1268.87123237593	1294.76656364891	207.162650183826	1087.60391346508	362.534637821695	699.173944370412	77.6859938189346	466.115962913608	77.6859938189346	647.383281824455	492.011294186586
BDIT073_Promirotermes_sp.A_1	8	26	14	3	4	12	3	0	1	1	1	1	0.1007907459	79.3723662680028	257.960190371009	138.901640969005	29.764637350501	39.6861831340014	119.058549402004	29.764637350501	0	9.92154578350035	9.92154578350035	9.92154578350035	9.92154578350035
BDIT074_Aderitotermes_fossor_1	34	55	45	5	27	10	36	1	16	1	21	24	0.0259155139	1311.95546155077	2122.28089368508	1736.41164028779	192.934626698643	1041.84698417267	385.869253397287	1389.12931223023	38.5869253397287	617.390805435658	38.5869253397287	810.325432134302	926.086208153488
BDIT075_Cubitermes_fulvus_1	20	22	19	2	1	6	8	0	1	2	5	2	0.0590592642	338.642891524544	372.507180676999	321.710746948317	33.8642891524544	16.9321445762272	101.592867457363	135.457156609818	0	16.9321445762272	33.8642891524544	84.6607228811361	33.8642891524544
BDIT076_Apicotermitinae_gen.A_1	40	55	44	11	30	17	30	3	13	1	15	20	0.0643255545	621.836847127373	855.025664800138	684.02053184011	171.005132960028	466.37763534553	264.280660029134	466.37763534553	46.637763534553	202.096975316396	15.5459211781843	233.188817672765	310.918423563686
BDIT087_Odontotermes_sp._1	4	1	5	1	0	5	0	0	1	1	0	0	0.0291613986	137.167632282218	34.2919080705546	171.459540352773	34.2919080705546	0	171.459540352773	0	0	34.2919080705546	34.2919080705546	0	0
BDIT089_Microcerotermes_progrediens_1	29	52	46	12	23	19	11	4	11	3	6	7	0.0874631374	331.568256777397	594.536184566368	525.935855577941	137.200657976854	262.96792778897	217.234375130019	125.767269812116	45.7335526589514	125.767269812116	34.3001644942135	68.6003289884271	80.0337171531649
BDIT101_Anenteotermes_polyscolus_1	33	63	65	5	32	14	55	1	19	2	23	23	0.0426064206	774.531151297887	1478.65037975051	1525.59166164735	117.353204742104	751.060510349466	328.588973277891	1290.88525216314	23.4706409484208	445.942178019995	46.9412818968416	539.824741813679	539.824741813679
BDIT102_Microcerotermes_fuscotibialis_1	23	44	41	5	8	4	9	0	3	1	3	4	0.085663829	268.491383918877	513.635690975242	478.615075681476	58.3676921562775	93.3883074500441	46.694153725022	105.0618458813	0	35.0206152937665	11.6735384312555	35.0206152937665	46.694153725022
BDIT108_Foraminitermes_rhinoceros_1	31	80	56	8	51	11	34	4	23	6	23	25	0.0744593469	416.334567661914	1074.41178751462	752.088251260232	107.441178751462	684.937514540569	147.73162078326	456.625009693712	53.7205893757309	308.893388910453	80.5808840635963	308.893388910453	335.753683598318
BDIT109_Aderitotermes_sp_1	31	39	48	5	19	8	32	6	12	1	30	11	0.0787202201	393.799711949738	495.4254440658	609.754392696369	63.5160825725384	241.361113775646	101.625732116061	406.502928464246	76.2192990870461	152.438598174092	12.7032165145077	381.096495435231	139.735381659585
BDIT112_Astalotermes_murcus_1	36	43	30	11	25	19	37	2	9	1	43	14	0.0803069191	448.280178139719	535.445768333553	373.566815116433	136.974498876025	311.305679263694	236.592316240407	460.732405310267	24.9044543410955	112.07004453493	12.4522271705477	535.445768333553	174.331180387668
BDIT114_Trinevitermes_sp.A_1	19	23	21	5	4	7	5	1	0	0	10	0	0.048345103	393.007746823913	475.746219839474	434.376983331693	103.423091269451	82.7384730155606	144.792327777231	103.423091269451	20.6846182538902	0	0	206.846182538902	0
BDIT121_Alyscotermes_sp.B_1	15	14	16	1	4	13	6	0	1	0	4	2	0.0257500858	582.522330857632	543.687508800456	621.357152914807	38.8348220571754	155.339288228702	504.852686743281	233.008932343053	0	38.8348220571754	0	155.339288228702	77.6696441143509
BDIT8-M2B_Microtermes_sp_Burundi_1	37	46	35	6	12	15	17	2	9	0	7	7	0.0898438086	411.825818345818	511.999666051557	389.564963300098	66.7825651371596	133.565130274319	166.956412842899	189.217267888619	22.2608550457199	100.173847705739	0	77.9129926600195	77.9129926600195
BG7_Coptotermes_gestroi_1	18	22	11	2	4	6	3	2	6	0	2	0	0.1258716253	143.002840847563	174.781249924799	87.3906249623997	15.8892045386181	31.7784090772362	47.6676136158544	23.8338068079272	15.8892045386181	47.6676136158544	0	15.8892045386181	0
Bifid_1	45	47	43	10	63	19	89	5	17	6	41	38	0.0585572292	768.478983974877	802.633605484872	734.324362464882	170.773107549973	1075.87057756483	324.468904344948	1519.88065719476	85.3865537749863	290.314282834954	102.463864529984	700.169740954888	648.937808689896
Blatella_germanica_1	20	37	31	4	46	8	200	1	2	1	111	16	0.1987752649	100.616140595067	186.139860100873	155.955017922353	20.1232281190133	231.417123368653	40.2464562380266	1006.16140595067	5.03080702975333	10.0616140595067	5.03080702975333	558.419580302619	80.4929124760532
BRA12_Aparatermes_sp.A_1	23	42	45	8	18	18	35	4	13	2	40	15	0.0597076495	385.210273601542	703.427456141947	753.6722744378	133.986182122276	301.46890977512	301.46890977512	586.189546784956	66.9930910611378	217.727545948698	33.4965455305689	669.930910611378	251.224091479267
BRA13_Spinitermes_sp.A_1	11	43	21	2	5	9	3	0	3	1	6	3	0.0451779782	243.48145796396	951.791153859116	464.828237931196	44.2693559934473	110.673389983618	199.212101970513	66.4040339901709	0	66.4040339901709	22.1346779967236	132.808067980342	66.4040339901709
BRA29_Labiotermes_sp._1	35	56	32	8	25	23	30	2	8	0	36	23	0.09956907	351.514782652886	562.423652244618	321.384944139782	80.3462360349454	251.081987609204	230.995428600468	301.298385131045	20.0865590087363	80.3462360349454	0	361.558062157254	230.995428600468
BRA3_Cornitermes_cumulans_1	31	27	25	5	9	7	21	0	7	0	13	7	0.0598509468	517.953376804392	451.12068302318	417.704336132574	83.5408672265148	150.373561007727	116.957214117121	350.871642351362	0	116.957214117121	0	217.206254788938	116.957214117121
BRA5_Silvestritermes_heyeri_1	6	9	5	0	0	4	0	2	2	0	1	0	0.059273135	101.226297546097	151.839446319146	84.3552479550812	0	0	67.4841983640649	0	33.7420991820325	33.7420991820325	0	16.8710495910162	0
BRA8_Labiotermes_sp._1	28	33	39	5	22	8	33	1	8	0	16	16	0.0505396801	554.020127246512	652.952292826246	771.670891521927	98.9321655797343	435.301528550831	158.291464927575	652.952292826246	19.7864331159468	158.291464927575	0	316.58292985515	316.58292985515
BRU8_Hospitalitermes_hospitalis_1	9	37	26	1	5	11	3	0	2	0	2	2	0.1094332304	82.2419293216807	338.105709433576	237.587795818189	9.13799214685341	45.6899607342671	100.517913615388	27.4139764405602	0	18.2759842937068	0	18.2759842937068	18.2759842937068
CA10_Synacanthotermes_sp._1	39	81	60	8	20	8	21	1	9	1	6	15	0.1135081166	343.587764189896	713.605356394399	528.596560292147	70.4795413722863	176.198853430716	70.4795413722863	185.008796102252	8.80994267153579	79.2894840438221	8.80994267153579	52.8596560292147	132.149140073037
CA11_Duplidentitermes_sp._1	45	47	42	11	45	16	72	4	24	4	37	22	0.0595496358	755.672127888984	789.257555795161	705.293986029718	184.719853483974	755.672127888984	268.683423249416	1209.07540462237	67.1708558123541	403.025134874125	67.1708558123541	621.330416264275	369.439706967948
CA12_Astalotermes_Cameroon_1	16	41	46	3	5	14	12	1	6	0	7	10	0.0591954056	270.291247062593	692.621320597895	777.087335304955	50.6796088242362	84.4660147070603	236.504841179769	202.718435296945	16.8932029414121	101.359217648472	0	118.252420589884	168.932029414121
CA18_Amalotermes_phaeocephalus_Cameroon_1	0	0	2	0	0	0	1	0	0	0	0	0	0.0309617815	0	0	64.5957662352213	0	0	0	32.2978831176107	0	0	0	0	0
CA1_Cubitermes_fungifaber_1	14	32	22	0	6	6	11	1	8	0	4	5	0.0384344286	364.256748700565	832.58685417272	572.403462243745	0	156.110035157385	156.110035157385	286.201731121872	26.0183391928975	208.14671354318	0	104.07335677159	130.091695964487
CA20_Leptomyxotermes_doriae_1	45	101	64	13	55	24	77	5	18	8	25	28	0.0783921526	574.037049723776	1288.39426715781	816.408248496036	165.832925475757	701.600838551281	306.153093186014	982.241173971794	63.7818944137528	229.61481988951	102.051031062005	318.909472068764	357.178608717016
CA24_Cephalotermes_rectangularis_1	20	18	19	1	2	6	4	0	3	1	2	2	0.0201306286	993.510952757829	894.159857482046	943.835405119937	49.6755476378914	99.3510952757829	298.053285827349	198.702190551566	0	149.026642913674	49.6755476378914	99.3510952757829	99.3510952757829
CA26_Sphaerotermes_sphaerothorax_1	1	7	4	0	0	2	1	0	1	0	1	1	0.070278757	14.2290507500012	99.6033552500082	56.9162030000047	0	0	28.4581015000023	14.2290507500012	0	14.2290507500012	0	14.2290507500012	14.2290507500012
CA27_Acanthotermes_acanthotorax_Cameroon_1	32	67	51	10	58	14	34	4	24	3	28	19	0.0423573072	755.477675880208	1581.78138387419	1204.04254593408	236.086773712565	1369.30328753288	330.521483197591	802.695030622721	94.434709485026	566.608256910156	70.8260321137695	661.042966395182	448.564870053874
CA35_Basidentitermes_aurivillii_Cameroon_1	47	35	31	8	15	17	30	3	15	2	15	8	0.0393033504	1195.82680666328	890.509324110954	788.736829926845	203.544988368218	381.646853190409	432.533100282463	763.293706380818	76.3293706380818	381.646853190409	50.8862470920545	381.646853190409	203.544988368218
CA37_Sphaerotermes_sp.A_1	34	51	32	2	11	9	14	0	4	1	12	6	0.0611383626	556.115645792581	834.173468688872	523.402960745959	32.7126850466224	179.919767756423	147.207082709801	228.988795326357	0	65.4253700932449	16.3563425233112	196.276110279735	98.1380551398673
CA38_Aderitotermes_sp_Cameroon_1	31	26	29	3	12	13	15	0	14	1	10	8	0.0400667923	773.708056484472	648.916434470847	723.791407679022	74.8749732081747	299.499892832699	324.458217235424	374.374866040873	0	349.416541638149	24.9583244027249	249.583244027249	199.666595221799
CA8_Postsubulitermes_parviconstrictus_1	3	2	5	0	0	2	1	0	0	0	0	0	0.0546734964	54.8711934947698	36.5807956631799	91.4519891579497	0	0	36.5807956631799	18.2903978315899	0	0	0	0	0
Chi131_Stylotermes_sp._1	20	52	30	3	37	9	17	1	4	4	9	18	0.1442889474	138.610755434758	360.38796413037	207.916133152136	20.7916133152136	256.429897554301	62.3748399456409	117.819142119544	6.93053777173788	27.7221510869515	27.7221510869515	62.3748399456409	124.749679891282
CN14_Stylotermes_sp._1	3	8	5	1	0	9	0	0	2	0	1	1	0.1497629066	20.0316624997982	53.4177666661285	33.3861041663303	6.67722083326607	0	60.0949874993946	0	0	13.3544416665321	0	6.67722083326607	6.67722083326607
COL2012L04_Patawatermes_turricola_1	21	33	28	9	5	15	17	1	12	1	16	10	0.0583873761	359.666787629458	565.190666274863	479.555716839278	154.142908984053	85.6349494355853	256.904848306756	291.15882808099	17.1269898871171	205.523878645405	17.1269898871171	274.031838193873	171.269898871171
COL2012L05_Cavitermes_tuberosus_1	5	1	1	2	1	5	2	1	0	1	0	0	0.0305114993	163.872641945196	32.7745283890392	32.7745283890392	65.5490567780784	32.7745283890392	163.872641945196	65.5490567780784	32.7745283890392	0	32.7745283890392	0	0
COL-4PUERTO_Heterotermes_nr_tenuis_1	21	60	29	4	3	10	5	1	7	0	0	2	0.0743947379	282.278029236796	806.508654962275	389.8125165651	53.7672436641517	40.3254327481138	134.418109160379	67.2090545801896	13.4418109160379	94.0926764122654	0	0	26.8836218320758
COPACI_Coptotermes_acinaciformis_Australia_1	1	0	1	0	0	0	0	0	0	0	0	0	0.8546531638	1.17006528771713	0	1.17006528771713	0	0	0	0	0	0	0	0	0
COPFRE_Coptotermes_frenchi_Australia_1	21	29	30	7	8	14	6	0	6	0	2	5	0.3726222888	56.3573372586723	77.8267990714999	80.5104817981033	18.7857790862241	21.4694618128276	37.5715581724482	16.1020963596207	0	16.1020963596207	0	5.36736545320689	13.4184136330172
COP-LAC_Coptotermes_lacteus_Australia_1	11	15	8	1	0	3	0	0	2	0	1	0	0.2490173239	44.1736334955449	60.2367729484704	32.1262789058509	4.01578486323136	0	12.0473545896941	0	0	8.03156972646271	0	4.01578486323136	0
CRYBREVIS_Cryptotermes_brevis_Australia_1	3	2	6	0	0	6	2	0	0	0	0	0	0.0760303288	39.4579380011835	26.305292000789	78.9158760023671	0	0	78.9158760023671	26.305292000789	0	0	0	0	0
CRYDRUDDLE_Cryptotermes_dudleyi_Australia_1	46	83	84	3	30	17	21	5	10	3	10	18	0.043344382	1061.26787088578	1914.89637572869	1937.96741640012	69.2131220142901	692.131220142901	392.207691414311	484.491854100031	115.35520335715	230.7104067143	69.2131220142901	230.7104067143	415.278732085741
Cryptotermes_secundus_1	48	105	55	11	25	21	24	2	9	6	7	20	0.0406796784	1179.95033117076	2581.14134943604	1352.02642113316	270.405284226632	614.557464151437	516.228269887207	589.97516558538	49.164597132115	221.240687094517	147.493791396345	172.076089962402	491.64597132115
CRYQUEEN_Cryptotermes_queenslandicus_Australia_1	37	54	24	2	6	21	9	0	6	1	5	6	0.0341396125	1083.78500195338	1581.74027312114	702.99567694273	58.5829730785609	175.748919235683	615.121217324889	263.623378853524	0	175.748919235683	29.2914865392804	146.457432696402	175.748919235683
CU_1490_0_NODE_2_length_15846_cov_660191_ID_1569873_1	59	21	12	9	31	20	49	1	14	0	22	19	0.0914442691	645.201723199076	229.648070969163	131.227469125236	98.4206018439268	339.004295240192	218.71244854206	535.845498928046	10.935622427103	153.098713979442	0	240.583693396266	207.776826114957
Dolichorhinotermes_longilabius_1	42	29	24	8	26	16	52	2	16	2	34	15	0.0948276515	442.90878594626	305.817971248608	253.090734826434	84.363578275478	274.181629395304	168.727156550956	548.363258790607	21.0908945688695	168.727156550956	21.0908945688695	358.545207670782	158.181709266521
E31_Microtermes_obesi_Pakistan_1	21	44	25	2	18	10	19	1	12	0	5	5	0.0858933261	244.489309629843	512.26331541491	291.05870194029	23.2846961552232	209.562265397009	116.423480776116	221.20461347462	11.6423480776116	139.708176931339	0	58.2117403880579	58.2117403880579
E38_Coptotermes_heimi_Pakistan_1	0	1	4	0	0	1	0	0	0	0	0	0	0.098329858	0	10.1698509520882	40.6794038083529	0	0	10.1698509520882	0	0	0	0	0	0
E48_Coptotermes_heimi_Pakistan_1	0	1	0	0	0	0	0	0	0	0	0	0	0.1516337514	0	6.59483782975246	0	0	0	0	0	0	0	0	0	0
E50_Microtermes_sp1_Pakistan_1	24	14	18	1	4	8	4	0	4	0	1	2	0.0996497566	240.843538598267	140.492064182322	180.6326539487	10.0351474415945	40.1405897663778	80.2811795327556	40.1405897663778	0	40.1405897663778	0	10.0351474415945	20.0702948831889
E58_Kalotermitidae_spA_Pakistan_1	51	86	68	6	63	17	76	5	29	3	26	23	0.0594856097	857.350210533355	1445.72780599742	1143.13361404447	100.864730650983	1059.07967183532	285.783403511118	1277.61992157912	84.0539422091525	487.512864813084	50.4323653254915	437.080499487593	386.648134162101
EC1466_0_NODE_3_length_15795_cov_299853_ID_608187_1	21	52	40	0	36	6	42	2	6	2	26	10	0.0519390797	404.319832413203	1001.1729183565	770.133014120387	0	693.119712708348	115.519952118058	808.639664826406	38.5066507060193	115.519952118058	38.5066507060193	500.586459178251	192.533253530097
Embiratermes_neotenicus_French_Guiana_1	33	72	37	9	38	20	32	2	15	5	24	28	0.1475210117	223.696947436268	488.066067133676	250.811728943695	61.0082583917095	257.590424320551	135.573907537132	216.918252059412	13.5573907537132	101.680430652849	33.8934768842831	162.688689044559	189.803470551985
FG16-11_1	23	92	58	10	52	18	47	5	14	3	20	20	0.0226174533	1016.91378312694	4067.65513250778	2564.39127918969	442.136427446498	2299.10942272179	795.845569403696	2078.04120899854	221.068213723249	618.990998425097	132.640928233949	884.272854892995	884.272854892995
FG-ND2-32_Nasutitermes_sp.SC_1	40	27	22	8	3	16	10	1	4	2	2	4	0.023304147	1716.43270187062	1158.59207376267	944.037986028839	343.286540374123	128.732452640296	686.573080748246	429.108175467654	42.9108175467654	171.643270187062	85.8216350935308	85.8216350935308	171.643270187062
FG-ND2-3_Comatermes_sp._1	32	55	50	10	42	13	56	0	15	2	22	21	0.0475938163	672.356253137868	1155.61231008071	1050.55664552792	210.111329105584	882.467582243452	273.144727837259	1176.62344299127	0	315.166993658376	42.0222658211168	462.244924032284	441.233791121726
FG-ND2-43_Tetimatermes_sp.A_1	28	67	37	6	18	9	22	1	17	0	20	14	0.0911252851	307.269271852188	735.25147193202	406.034394947534	65.8434153968973	197.530246190692	98.765123095346	241.42585645529	10.9739025661496	186.556343624542	0	219.478051322991	153.634635926094
FG-ND2-48_Ruptitermes_arboreus_1	28	74	53	7	26	17	34	4	13	5	22	19	0.0527168577	531.13939680058	1403.72554868725	1005.37100108681	132.784849200145	493.200868457681	322.477490914638	644.954981829275	75.8770566857971	246.600434228841	94.8463208572464	417.323811771884	360.416019257536
FL01_NODE_1_length_15415_cov_164305_ID_1381_1	7	19	9	2	1	6	0	0	0	0	0	0	0.0725349548	96.505195588817	261.942673741075	124.078108614193	27.5729130253763	13.7864565126881	82.7187390761289	0	0	0	0	0	0
FLY667_0_NODE_1_length_15810_cov_38592_ID_136216_1	18	118	52	4	56	9	34	1	8	2	23	19	0.0617998414	291.262883402804	1909.39001341838	841.426107608101	64.7250852006232	906.151192808725	145.631441701402	550.163224205297	16.1812713001558	129.450170401246	32.3625426003116	372.169239903583	307.44415470296
G13-055_Termes_fatalis_1	16	13	11	1	0	7	3	0	4	0	2	0	0.0453580102	352.749160059054	286.608692547981	242.5150475406	22.0468225036909	0	154.327757525836	66.1404675110726	0	88.1872900147635	0	44.0936450073817	0
G13-058_Microcerotermes_sp._1	2	1	0	0	1	0	0	0	0	0	0	0	0.0791135139	25.2801310598846	12.6400655299423	0	0	12.6400655299423	0	0	0	0	0	0	0
G13-065_Anoplotermes-group_sp.Q_1	35	94	77	12	39	21	46	2	23	5	41	19	0.023094731	1515.49719284455	4070.1924607825	3334.09382425801	519.599037546703	1688.69687202678	909.29831570673	1991.79631059569	86.5998395911171	995.898155297847	216.499598977793	1775.2967116179	822.698476115613
G13-067_Crepititermes_verruculosus_1	47	62	45	13	36	19	43	2	16	1	25	10	0.0335715093	1399.9966334549	1846.80406966392	1340.42230862704	387.233111381144	1072.33784690163	565.956085864748	1280.84798379917	59.5743248278682	476.594598622946	29.7871624139341	744.679060348353	297.871624139341
G13-072_Rubeotermes_jheringi_1	43	47	31	13	23	14	78	3	21	2	29	13	0.0290379209	1480.82227195543	1618.57318097454	1067.5695448981	447.690454312106	792.06772685988	482.128181566883	2686.14272587264	103.313181764332	723.192272350325	68.8754545095548	998.694090388544	447.690454312106
G13-080_Neocapritermes_taracua_1	25	57	36	11	15	9	20	1	11	1	17	4	0.0510828757	489.400795421547	1115.83381356113	704.737145407027	215.336349985481	293.640477252928	176.184286351757	391.520636337237	19.5760318168619	215.336349985481	19.5760318168619	332.792540886652	78.3041272674475
G13-081_Aparatermes_nr.cingulatus_1	30	32	28	4	9	12	35	1	7	2	18	8	0.0858738181	349.349786276709	372.63977202849	326.059800524929	46.5799715035612	104.804935883013	139.739914510684	407.574750656161	11.6449928758903	81.5149501312321	23.2899857517806	209.609871766026	93.1599430071225
G13-084_Termes_sp.A_1	36	49	50	9	13	20	24	6	12	2	19	6	0.0535057231	672.825221569616	915.789884914199	934.479474402244	168.206305392404	242.964663344583	373.791789760898	448.550147713077	112.137536928269	224.275073856539	37.3791789760898	355.102200272853	112.137536928269
G13-10_Longustitermes_manni_1	25	46	40	14	14	6	33	2	9	2	16	11	0.0332381054	752.148767179732	1383.95373161071	1203.43802748757	421.20330962065	421.20330962065	180.515704123136	992.836372677246	60.1719013743786	270.773556184704	60.1719013743786	481.375210995029	330.945457559082
G13-117_Nasutitermes_banksi_1	51	63	51	4	20	19	24	0	8	1	9	7	0.0529162843	963.786491713289	1190.55978388112	963.786491713289	75.5910973892776	377.955486946388	359.057712599069	453.546584335666	0	151.182194778555	18.8977743473194	170.079969125875	132.284420431236
G13-127_Nasutitermes_similis_1	31	63	29	5	12	13	16	0	7	3	8	6	0.0211839132	1463.37457613827	2973.95478376488	1368.96331316161	236.028157441657	566.467577859977	613.673209348309	755.290103813303	0	330.43942041832	141.616894464994	377.645051906651	283.233788929989
G13-140_Spinitermes_trispinosus_1	19	50	43	8	7	11	10	1	2	1	7	1	0.0490094722	387.680159510063	1020.21094607911	877.381413628037	163.233751372658	142.829532451076	224.446408137405	204.042189215823	20.4042189215823	40.8084378431645	20.4042189215823	142.829532451076	20.4042189215823
G13-142_Anoplotermes_sp.E1_1	28	52	44	4	18	11	25	4	13	1	15	6	0.0910088463	307.662399188111	571.373027063634	483.469484438459	43.9517713125872	197.782970906643	120.867371109615	274.69857070367	43.9517713125872	142.843256765908	10.9879428281468	164.819142422202	65.9276569688808
G678_Rugitermes_sp_A_1	25	32	44	8	35	19	75	2	10	1	35	9	0.0467954815	534.239614566206	683.826706644743	940.261721636522	170.956676661186	747.935460392688	406.022107070316	1602.71884369862	42.7391691652964	213.695845826482	21.3695845826482	747.935460392688	192.326261243834
G681_Neocapritermes_araguaia_1	18	38	26	1	5	11	14	1	3	1	8	5	0.0451025409	399.09059757651	842.524594883744	576.464196499404	22.1716998653617	110.858499326808	243.888698518979	310.403798115064	22.1716998653617	66.5150995960851	22.1716998653617	177.373598922894	110.858499326808
G683_Neocapritermes_sp.H_1	37	66	41	7	31	14	41	2	10	3	19	12	0.0716740633	516.225790703846	920.835194228482	572.033984293451	97.6643387818087	432.513500319438	195.328677563617	572.033984293451	27.9040967948025	139.520483974012	41.8561451922037	265.088919550624	167.424580768815
G687_Cylindrotermes_parvignathus_1	32	40	36	14	30	13	37	3	29	4	18	9	0.0289723249	1104.50231765833	1380.62789707291	1242.56510736562	483.219763975517	1035.47092280468	448.704066548695	1277.08080479244	103.547092280468	1000.95522537786	138.062789707291	621.282553682808	310.641276841404
G697_Orthognathotermes_aduncus_1	35	80	52	8	37	17	48	6	16	5	34	33	0.0438856156	797.527835065848	1822.9207658648	1184.89849781212	182.29207658648	843.100854212468	387.370662746269	1093.75245951888	136.71905743986	364.584153172959	113.93254786655	774.741325492538	751.954815919228
G699_Inquilinitermes_inquilinus_1	48	61	45	17	32	20	40	2	29	6	24	7	0.0475940168	1008.5301310395	1281.67370819603	945.496997849528	357.187754743155	672.353420692998	420.220887933124	840.441775866247	42.0220887933124	609.320287503029	126.066266379937	504.265065519748	147.077310776593
G707_Neocapritermes_angusticeps_1	20	37	29	4	9	7	15	2	5	0	9	6	0.0615591946	324.890540397031	601.047499734508	471.091283575695	64.9781080794062	146.200743178664	113.711689138961	243.667905297773	32.4890540397031	81.2226350992578	0	146.200743178664	97.4671621191093
G711_Labiotermes_labralis_1	49	44	20	8	25	16	52	3	17	0	26	15	0.0541651111	904.641364245259	812.331020954926	369.24137316133	147.696549264532	461.551716451663	295.393098529064	960.027570219458	55.3862059741995	313.855167187131	0	480.013785109729	276.931029870998
G712_Subulitermes_sp._1	44	46	26	9	18	19	35	2	13	0	28	7	0.0640632914	686.820783610253	718.039910137992	405.848644860604	140.486069374825	280.972138749649	296.581702013518	546.334714235429	31.2191265277388	202.924322430302	0	437.067771388343	109.266942847086
G716_Cavitermes_tuberosus_1	0	7	4	0	1	2	2	0	1	0	1	1	0.034168139	0	204.869220416131	117.068125952075	0	29.2670314880187	58.5340629760374	58.5340629760374	0	29.2670314880187	0	29.2670314880187	29.2670314880187
G718_Nasutitermes_octopilis_1	40	74	59	12	27	17	22	1	13	3	26	20	0.0518154104	771.971112285159	1428.14655772754	1138.65739062061	231.591333685548	521.080500792482	328.087722721193	424.584111756838	19.299277807129	250.890611492677	57.8978334213869	501.781222985353	385.98555614258
G728_Agnathotermes_crassinasus_1	32	50	40	6	23	10	23	2	9	1	15	8	0.0490072324	652.964846878397	1020.25757324749	816.206058597996	122.430908789699	469.318483693848	204.051514649499	469.318483693848	40.8103029298998	183.646363184549	20.4051514649499	306.077271974248	163.241211719599
G729_Araujotermes_parvellus_1	46	38	34	10	16	18	28	1	10	1	17	11	0.0746014378	616.610099705076	509.373560625932	455.75529108636	134.045673848929	214.473078158287	241.282212928073	375.327886777003	13.4045673848929	134.045673848929	13.4045673848929	227.87764554318	147.450241233822
G732_Cryptotermes_brevis_FG_1	1	2	0	0	0	0	1	0	0	0	0	0	0.0607498145	16.4609556132883	32.9219112265767	0	0	0	0	16.4609556132883	0	0	0	0	0
G751_Rhinotermes_hispidus_FG_1	23	51	38	8	42	10	42	4	16	0	19	22	0.1003080391	229.293685793924	508.433825021309	378.833046094309	79.7543254935386	418.710208841078	99.6929068669233	418.710208841078	39.8771627467693	159.508650987077	0	189.416523047154	219.324395107231
G769_Dihoplotermes_sp.A_1	40	53	41	10	34	16	29	1	31	8	26	15	0.0659741019	606.298514841928	803.345532165554	621.455977712976	151.574628710482	515.353737615639	242.519405936771	439.566423260398	15.1574628710482	469.881349002494	121.259702968386	394.094034647253	227.361943065723
Glypto1_Glyptotermes_fuscus_Japan_1	21	53	37	7	27	20	43	2	20	1	18	16	0.0492575906	426.330231426301	1075.97629836162	751.153264893959	142.1100771421	548.138868976673	406.028791834573	872.961902444331	40.6028791834573	406.028791834573	20.3014395917286	365.425912651115	324.823033467658
Glyptotermes_satsumensis_1	20	64	37	2	24	11	33	1	10	1	22	10	0.0219033308	913.103134067628	2921.93002901641	1689.24079802511	91.3103134067628	1095.72376088115	502.206723737195	1506.62017121159	45.6551567033814	456.551567033814	45.6551567033814	1004.41344747439	456.551567033814
GP17-13_1	50	42	10	8	31	23	57	3	25	0	27	16	0.0383109267	1305.11069052266	1096.29298003903	261.022138104532	208.817710483626	809.168628124049	600.350917640424	1487.82618719583	78.3066414313596	652.55534526133	0	704.759772882236	417.635420967251
GR2200_NODE_14_length_15769_cov_491341_ID_624588_1	35	111	72	9	34	26	38	5	16	1	17	30	0.0818787162	427.46151410713	1355.66365902547	879.349400448953	109.918675056119	415.248327989783	317.542839051011	464.10107245917	61.0659305867329	195.410977877545	12.2131861173466	207.624163994892	366.395583520397
Hodotermopsis_sjosdteti_1	39	68	31	13	37	15	128	4	13	5	44	28	0.0317556544	1228.12773778014	2141.35092741153	976.204099261138	409.375912593381	1165.14682815039	472.356822223131	4030.77821630405	125.961819259502	409.375912593381	157.452274074377	1385.58001185452	881.732734816512
I9_Mastotermes_darwiniensis_1	22	95	43	19	114	11	145	5	14	6	72	46	0.075269994	292.281144595282	1262.12312438872	571.276782618051	252.424624877743	1514.54774926646	146.140572297641	1926.39845301436	66.4275328625641	185.997092015179	79.7130394350769	956.556473220922	611.133302335589
Incisitermes_arizonensis_1	24	36	19	0	2	11	1	2	5	0	0	1	0.021373561	1122.88261183993	1684.32391775989	888.948734373276	0	93.5735509866606	514.654530426633	46.7867754933303	93.5735509866606	233.933877466651	0	0	46.7867754933303
IND1_Microtermes_sp.C_India_1	16	30	19	2	2	22	3	0	3	0	1	1	0.082947872	192.892229953771	361.672931163321	229.059523070104	24.1115287442214	24.1115287442214	265.226816186436	36.1672931163321	0	36.1672931163321	0	12.0557643721107	12.0557643721107
IND2_Trinervitermes_sp._1	19	37	25	4	15	11	6	1	1	0	6	2	0.0646438969	293.917924369439	572.366484298381	386.734111012419	61.8774577619871	232.040466607452	170.163008845465	92.8161866429807	15.4693644404968	15.4693644404968	0	92.8161866429807	30.9387288809936
IND3_Heterotermes_malabaricus_1	20	63	35	5	11	14	9	0	8	0	2	2	0.1600041357	124.996769067889	393.739822563849	218.744345868805	31.2491922669721	68.7482229873387	87.497738347522	56.2485460805498	0	49.9987076271554	0	12.4996769067889	12.4996769067889
IND5_Nasutitermes_sp.B_1	5	6	6	1	0	3	1	0	0	1	0	0	0.0968609918	51.6203675709214	61.9444410851056	61.9444410851056	10.3240735141843	0	30.9722205425528	10.3240735141843	0	0	10.3240735141843	0	0
IND6_Odontotermes_sp.C_1	25	66	43	3	17	12	6	1	13	1	4	6	0.0411770811	607.133855342651	1602.8333781046	1044.27023118936	72.8560626411181	412.851021633003	291.424250564472	145.712125282236	24.285354213706	315.709604778178	24.285354213706	97.1414168548241	145.712125282236
IND7_Nasutitermes_sp.C_1	5	9	5	0	0	0	0	0	1	0	0	1	0.107135672	46.66979640544	84.005633529792	46.66979640544	0	0	0	0	0	9.333959281088	0	0	9.333959281088
IS17_Microhodotermes_viator_1	13	58	29	16	72	9	53	6	13	8	25	27	0.0856229889	151.82838355693	677.388172792459	338.69408639623	186.865702839299	840.895662776846	105.111957847106	618.992640655178	70.0746385647371	151.82838355693	93.4328514196495	291.977660686405	315.335873541317
IS57_Reticulitermes_flavipes_1	1	2	0	0	0	1	0	0	0	0	0	0	0.1038822164	9.62628671831072	19.2525734366214	0	0	0	9.62628671831072	0	0	0	0	0	0
IS95_Macrotermes_subhyalinus_1	9	13	8	0	0	0	3	0	2	1	2	0	0.1226230474	73.3956641172172	106.015959280425	65.2405903264153	0	0	0	24.4652213724057	0	16.3101475816038	8.15507379080191	16.3101475816038	0
ISO183_Heterotermes_sp_1	12	33	25	3	3	19	7	1	4	0	5	0	0.1674810303	71.6499055356002	197.037240222901	149.2706365325	17.9124763839001	17.9124763839001	113.4456837647	41.7957782291001	5.97082546130002	23.8833018452001	0	29.8541273065001	0
ISO207_Porotermes_adamsoni_1	22	61	37	6	63	6	69	1	12	2	27	34	0.0259605557	847.439486821155	2349.71857709502	1425.23913692649	231.119860042133	2426.7585304424	231.119860042133	2657.87839048453	38.5199766736888	462.239720084266	77.0399533473777	1040.0393701896	1309.67920690542
ISO210_Coptotermes_lacteus_1	13	10	16	1	1	8	1	0	2	0	0	2	0.4599964834	28.2610856150732	21.7392966269794	34.782874603167	2.17392966269794	2.17392966269794	17.3914373015835	2.17392966269794	0	4.34785932539588	0	0	4.34785932539588
ISO314_Schedorhinotermes_breinli_Australia_1	3	2	2	0	0	1	1	0	1	0	0	1	0.1427691455	21.0129435845086	14.0086290563391	14.0086290563391	0	0	7.00431452816953	7.00431452816953	0	7.00431452816953	0	0	7.00431452816953
ISO360_Macrognathotermes_errator_1	8	14	7	0	0	3	2	0	0	0	3	0	0.0983628282	81.3315369880753	142.330189729132	71.1650948645659	0	0	30.4993263705283	20.3328842470188	0	0	0	30.4993263705283	0
ISO845_Zootermopsis_angusticollis_1	24	48	26	10	67	8	74	2	18	7	26	25	0.1163820581	206.217353360243	412.434706720485	223.40213280693	85.9238972334345	575.690111464011	68.7391177867476	635.836839527415	17.1847794466869	154.663015020182	60.1467280634041	223.40213280693	214.809743083586
KE15-140_1	54	45	36	12	68	19	61	7	32	4	34	26	0.0696154532	775.689843530316	646.40820294193	517.126562353544	172.375520784515	976.794617778916	272.927907908815	876.242230654616	100.5523871243	459.668055425372	57.4585069281715	488.397308889458	373.480295033115
KE15-30_1	21	58	35	9	70	15	52	3	17	3	31	35	0.0231958985	905.332466427201	2500.44205013227	1508.88744404533	387.9996284688	3017.77488809067	646.666047448	2241.77563115307	129.3332094896	732.888187107734	129.3332094896	1336.44316472587	1508.88744404533
MAD15-108_NODE_1_length_15757_cov_110743_ID_123_1	32	56	65	10	79	25	52	2	17	1	18	22	0.0284188377	1126.01367929977	1970.5239387746	2287.21528607766	351.879274781178	2779.84627077131	879.698186952945	1829.77222886213	70.3758549562356	598.194767128003	35.1879274781178	633.38269460612	774.134404518592
MAD15-171_NODE_1_length_15507_cov_475004_ID_850_1	25	96	43	9	51	16	62	2	18	5	23	19	0.0373979866	668.485185242566	2566.98311133145	1149.79451861721	240.654666687324	1363.70977789483	427.830518555242	1657.84325940156	53.4788148194053	481.309333374647	133.697037048513	615.006370423161	508.04874078435
MAL27_Hospitalitermes_medioflavus_1	22	50	28	2	18	12	10	1	2	3	4	3	0.0277314447	793.323255892254	1803.00739975512	1009.68414386287	72.1202959902049	649.082663911844	432.72177594123	360.601479951025	36.0601479951025	72.1202959902049	108.180443985307	144.24059198041	108.180443985307
MAL29_Parrhinotermes_sp2_Malaysia_1	25	41	28	1	5	12	4	1	9	2	7	4	0.1409289749	177.394322336762	290.926688632289	198.681641017173	7.09577289347047	35.4788644673523	85.1492747216456	28.3830915738819	7.09577289347047	63.8619560412342	14.1915457869409	49.6704102542933	28.3830915738819
MAL36_Cryptotermes_sp1_Malaysia_1	42	52	57	16	36	21	48	4	21	1	18	15	0.0418669426	1003.17810166535	1242.03003063329	1361.45599511726	382.163086348703	859.866944284582	501.589050832673	1146.48925904611	95.5407715871758	501.589050832673	23.8851928967939	429.933472142291	358.277893451909
MAL39_Cryptotermes_domesticus_Malaysia_1	16	12	18	3	1	9	2	0	0	1	1	2	0.0557346755	287.074426404438	215.305819803329	322.958729704993	53.8264549508322	17.9421516502774	161.479364852497	35.8843033005548	0	0	17.9421516502774	17.9421516502774	35.8843033005548
MAL41_Odontotermes_sp.K_1	7	9	8	2	1	6	3	0	5	1	0	0	0.0794782028	88.0744625997004	113.238594771043	100.656528685372	25.164132171343	12.5820660856715	75.4923965140289	37.7461982570144	0	62.9103304283574	12.5820660856715	0	0
Mantoida_MN110_1	5	47	54	10	47	5	124	1	3	3	87	17	0.0582124514	85.8922769914479	807.38740371961	927.636591507637	171.784553982896	807.38740371961	85.8922769914479	2130.12846938791	17.1784553982896	51.5353661948688	51.5353661948688	1494.52561965119	292.033741770923
MLA11_Coptotermes_sepangensis_1	11	12	10	2	1	5	1	0	1	1	1	2	0.3245107096	33.8971863626901	36.9787487592983	30.8156239660819	6.16312479321638	3.08156239660819	15.4078119830409	3.08156239660819	0	3.08156239660819	3.08156239660819	3.08156239660819	6.16312479321638
Nasutitermes_nr.perparvus_Thailand_1	41	33	27	8	13	15	21	1	20	1	19	8	0.0458154364	894.89489180114	720.281254376527	589.321026308068	174.613637424613	283.747160814996	327.400570171149	458.360798239608	21.8267046780766	436.534093561532	21.8267046780766	414.707388883455	174.613637424613
Nasutitermes_takasagoensis_Japan_1	1	3	0	0	1	5	0	0	0	0	1	0	0.0373332421	26.7857797434635	80.3573392303906	0	0	26.7857797434635	133.928898717318	0	0	0	0	26.7857797434635	0
Nasutitermes_tridoinae_1	26	44	24	5	6	23	7	1	10	1	1	5	0.0992694946	261.913290732116	443.237876623581	241.766114521953	50.3679405254069	60.4415286304883	231.692526416872	70.5151167355696	10.0735881050814	100.735881050814	10.0735881050814	10.0735881050814	50.3679405254069
NG71_Microcerotermes_biroi_1	34	27	24	9	11	25	26	2	16	2	16	6	0.0287385726	1183.07893969654	939.503863876663	835.114545668145	313.167954625554	382.760833431233	869.910985070984	904.707424473824	69.5928788056788	556.74303044543	69.5928788056788	556.74303044543	208.778636417036
NG77_Termitogeton_planus_1	21	90	55	23	76	24	47	4	27	12	18	38	0.0447661618	469.104322452768	2010.44709622615	1228.60655880487	513.780924591127	1697.71088125764	536.119225660307	1049.90015025143	89.3532042767178	603.134128867845	268.059612830153	402.08941924523	848.855440628819
NG78_Coptotermes_remotus_1	11	17	13	2	1	5	5	0	1	0	2	1	0.2632137745	41.7911259427648	64.5862855479093	49.389512477813	7.59838653504815	3.79919326752407	18.9959663376204	18.9959663376204	0	3.79919326752407	0	7.59838653504815	3.79919326752407
NG79_Coptotermes_elisae_New_Guinea_1	31	48	33	7	7	14	12	1	15	3	8	3	0.391589981	79.1644360277951	122.577191268844	84.2718189973303	17.8758403933731	17.8758403933731	35.7516807867462	30.644297817211	2.55369148476758	38.3053722715138	7.66107445430275	20.4295318781407	7.66107445430275
NG91_Prorhinotermes_inopinatus_New_Guinea_1	35	62	54	5	24	33	8	3	10	4	6	9	0.0473898014	738.555532330211	1308.29837155637	1139.48567845233	105.50793319003	506.438079312145	696.352359054199	168.812693104048	63.3047599140181	211.01586638006	84.4063465520242	126.609519828036	189.914279742054
NS_NODE_1_length_15816_cov_213313_ID_1901_1	3	3	4	0	0	3	0	0	0	0	1	0	0.0906940095	33.0782597057857	33.0782597057857	44.104346274381	0	0	33.0782597057857	0	0	0	0	11.0260865685952	0
NSW2_Coptotermes_acinaciformis_acinaciformis_1	1	3	1	0	0	3	0	0	0	0	0	0	0.6441729869	1.5523780418244	4.65713412547321	1.5523780418244	0	0	4.65713412547321	0	0	0	0	0	0
NSW3_Amitermes_obeuntis_1	2	5	4	0	0	3	1	1	0	0	2	0	0.038068447	52.5369474620281	131.34236865507	105.073894924056	0	0	78.8054211930421	26.268473731014	26.268473731014	0	0	52.5369474620281	0
NSW6_Occasitermes_occasus_1	31	43	50	1	6	14	16	3	9	1	6	5	0.0440120181	704.353068508804	977.005869221889	1136.05333630452	22.7210667260904	136.326400356543	318.094934165266	363.537067617447	68.1632001782713	204.489600534814	22.7210667260904	136.326400356543	113.605333630452
NU_mod_1	36	38	23	2	30	9	38	2	15	0	19	15	0.2073779816	173.596057412876	183.240282824703	110.908592236004	9.64422541182646	144.663381177397	43.3990143532191	183.240282824703	9.64422541182646	72.3316905886985	0	91.6201414123514	72.3316905886985
Odontotermes_formosanus_Japan_1	25	39	15	3	4	20	13	0	10	3	3	1	0.0355151771	703.92440757391	1098.1220758153	422.354644544346	84.4709289088692	112.627905211826	563.139526059128	366.040691938433	0	281.569763029564	84.4709289088692	84.4709289088692	28.1569763029564
Periplaneta_fuliginosa_1	9	26	14	4	16	2	120	0	7	2	70	11	0.2552914198	35.253828769689	101.844394223546	54.8392891972941	15.668368342084	62.6734733683361	7.83418417104201	470.05105026252	0	27.419644598647	7.83418417104201	274.19644598647	43.088012940731
PHI1_Microcerotermes_crassus_1	8	10	12	0	0	2	1	0	0	0	0	2	0.0832265065	96.1232224735998	120.154028092	144.1848337104	0	0	24.0308056183999	12.0154028092	0	0	0	0	24.0308056183999
PHI2_Nasutitermes_matangensis_1	3	3	5	2	0	3	0	0	0	1	0	0	0.027678357	108.387936466027	108.387936466027	180.646560776711	72.2586243106843	0	108.387936466027	0	0	0	36.1293121553422	0	0
PHI3_Hospitalitermes_sp._1	16	30	25	4	14	22	6	1	9	1	5	3	0.0728046118	219.766297826754	412.061808425164	343.384840354303	54.9415744566885	192.29551059841	302.178659511787	82.4123616850327	13.7353936141721	123.618542527549	13.7353936141721	68.6769680708606	41.2061808425164
PHI4_Macrotermes_sp_Philippines_1	6	5	11	2	1	6	1	0	0	1	2	1	0.054906742	109.276197811919	91.0634981765992	200.339695988518	36.4253992706397	18.2126996353198	109.276197811919	18.2126996353198	0	0	18.2126996353198	36.4253992706397	18.2126996353198
PHI5_Nasutitermes_matangensis_1	3	13	17	2	5	7	2	0	1	0	3	0	0.0409120165	73.3280893157637	317.755053701643	415.525839455995	48.8853928771758	122.21348219294	171.098875070115	48.8853928771758	0	24.4426964385879	0	73.3280893157637	0
Prorhinotermes_canalifrons_1	35	68	49	10	19	31	15	4	10	2	3	13	0.1557514782	224.716968368394	436.592967115737	314.603755715752	64.2048481052554	121.989211399985	199.035029126292	96.3072721578831	25.6819392421022	64.2048481052554	12.8409696210511	19.2614544315766	83.466302536832
RDCT011_Macrotermes_muelleri_Congo_1	20	72	40	13	11	10	12	0	7	0	13	11	0.0941020456	212.535231008836	765.126831631809	425.070462017672	138.147900155743	116.89437705486	106.267615504418	127.521138605301	0	74.3873308530925	0	138.147900155743	116.89437705486
RDCT012_Furculitermes_longilabius_1	19	27	29	4	6	17	8	2	7	0	3	2	0.0433639812	438.151651998226	622.636558102742	668.757784628871	92.242453052258	138.363679578387	392.030425472097	184.484906104516	46.121226526129	161.424292841452	0	69.1818397891935	46.121226526129
RDCT016_Protermes_prorepens_1	33	56	48	6	36	16	22	2	19	1	19	11	0.1050802812	314.045600403285	532.925867351029	456.793600586596	57.0992000733245	342.595200439947	152.264533528865	209.36373360219	19.0330666911082	180.814133565528	9.51653334555408	180.814133565528	104.681866801095
RDCT033_Microcerotermes_fuscotibialis_1	22	53	45	4	6	8	5	0	5	0	4	2	0.1442253248	152.53909138709	367.480538341627	312.01177783723	27.7343802521983	41.6015703782974	55.4687605043965	34.6679753152478	0	34.6679753152478	0	27.7343802521983	13.8671901260991
RDCT040_Acidnotermes_praus_1	14	51	33	5	5	9	7	1	4	1	5	10	0.0730889691	191.547372639027	697.779714613597	451.504521220563	68.4097759425095	68.4097759425095	123.137596696517	95.7736863195133	13.6819551885019	54.7278207540076	13.6819551885019	68.4097759425095	136.819551885019
RDCT046_Astalotermes_quietus_1	0	0	2	0	1	0	0	0	0	0	0	0	0.1087163518	0	0	18.3964966344649	0	9.19824831723244	0	0	0	0	0	0	0
RDCT048_Microtermes_sp._1	1	0	0	0	0	1	0	0	0	0	0	0	0.0490393975	20.3917676598698	0	0	0	0	20.3917676598698	0	0	0	0	0	0
RDCT051_Orthotermes_depressifrons_1	28	43	32	3	13	11	7	2	8	2	16	3	0.0954942349	293.21141772926	450.288962941364	335.098763119155	31.4155090424207	136.133872517157	115.190199822209	73.3028544323151	20.9436726949472	83.7746907797886	20.9436726949472	167.549381559577	31.4155090424207
RDCT052_Astalotermes_sp.B_1	33	60	53	6	36	16	45	1	7	3	25	25	0.0309109098	1067.58423525923	1941.06224592587	1714.60498390119	194.106224592587	1164.63734755552	517.616598913565	1455.7966844444	32.3510374320978	226.457262024685	97.0531122962935	808.775935802446	808.775935802446
RDCT067_Coptotermes_sjosdteti_Congo_1	0	3	0	0	0	1	0	0	0	0	0	0	0.0254810775	0	117.734424692205	0	0	0	39.2448082307351	0	0	0	0	0	0
RDCT073_Astalotermes_quietus_1	1	0	1	0	0	0	0	0	0	0	0	0	0.094324389	10.6017119283964	0	10.6017119283964	0	0	0	0	0	0	0	0	0
RDCT089_Microtermes_sp._1	0	1	0	0	0	1	0	0	1	0	0	0	0.042418406	0	23.5746718063852	0	0	0	23.5746718063852	0	0	23.5746718063852	0	0	0
RDCT100_Noditermes_cristifrons_1	9	59	46	5	8	8	16	2	11	1	14	13	0.0820320634	109.713197827473	719.230963535656	560.756344451528	60.9517765708183	97.5228425133093	97.5228425133093	195.045685026619	24.3807106283273	134.0939084558	12.1903553141637	170.664974398291	158.474619084128
RDCT106_Nasutitermes_lujae_1	49	73	43	9	21	23	31	3	16	5	15	15	0.0218781459	2239.67790616114	3336.6630030564	1965.43163193733	411.36941133572	959.861959783347	1051.27738452462	1416.9390834897	137.123137111907	731.323397930169	228.538561853178	685.615685559534	685.615685559534
RDCT108_Procubitermes_undulans_1	38	44	39	10	21	12	33	1	10	3	21	5	0.0699639458	543.136890944193	628.895347409065	557.429967021671	142.930760774788	300.154597627054	171.516912929745	471.671510556799	14.2930760774788	142.930760774788	42.8792282324363	300.154597627054	71.4653803873938
RDCT114_Postsubulitermes_parviconstrictus_1	2	6	6	2	1	0	1	0	0	0	0	0	0.0559879326	35.721983418977	107.165950256931	107.165950256931	35.721983418977	17.8609917094885	0	17.8609917094885	0	0	0	0	0
RDCT125_Tuberculitermes_bycanistes_1	40	69	45	14	47	23	45	2	19	4	24	15	0.0640231742	624.773771369805	1077.73475561291	702.870492791031	218.670819979432	734.109181359521	359.244918537638	702.870492791031	31.2386885684903	296.767541400657	62.4773771369805	374.864262821883	234.290164263677
RDCT127_Nasutitermes_sp.A_1	16	31	23	2	7	7	5	1	3	0	3	3	0.0543027347	294.644461064315	570.873643312111	423.551412779953	36.8305576330394	128.906951715638	128.906951715638	92.0763940825986	18.4152788165197	55.2458364495591	0	55.2458364495591	55.2458364495591
RDCT131_Orthotermes_mansuetus_1	26	39	33	7	5	8	11	0	6	1	5	7	0.0455774275	570.45782147314	855.68673220971	724.042619562063	153.584798088922	109.703427206373	175.525483530197	241.347539854021	0	131.644112647648	21.9406854412746	109.703427206373	153.584798088922
RDCT137_Nasutitermes_latifrons_1	12	25	17	2	13	8	5	1	4	1	3	6	0.0575507014	208.511794089099	434.399571018955	295.39170829289	34.7519656815164	225.887776929857	139.007862726066	86.8799142037911	17.3759828407582	69.5039313630329	17.3759828407582	52.1279485222747	104.255897044549
RDCT144_Odontotermes_sp.D_1	30	64	47	7	40	19	20	3	18	7	7	16	0.0520137326	576.770758420825	1230.44428463109	903.607521525959	134.579843631526	769.027677894434	365.288146999856	384.513838947217	57.6770758420825	346.062455052495	134.579843631526	134.579843631526	307.611071157773
RDCT159_Proboscitermes_tubuliferus_1	22	63	49	8	10	4	25	1	12	0	10	8	0.0385416095	570.811657463345	1634.59701909958	1271.35323707745	207.567875441216	259.45984430152	103.783937720608	648.649610753801	25.945984430152	311.351813161825	0	259.45984430152	207.567875441216
RDCT160_Odontotermes_nr.pauperans_1	15	37	30	4	3	13	1	1	2	0	1	3	0.0565104923	265.437432757952	654.745667469614	530.874865515903	70.7833154021205	53.0874865515904	230.045775056892	17.6958288505301	17.6958288505301	35.3916577010602	0	17.6958288505301	53.0874865515904
RDCT163_Glyptotermes_spA_Congo_1	25	41	27	3	39	11	48	0	12	3	34	21	0.0542477892	460.848273610383	755.791168721029	497.716135499214	55.301792833246	718.923306832198	202.773240388569	884.828685331936	0	221.207171332984	55.301792833246	626.753652110121	387.112549832722
RDCT165_Sphaerotermes_sphaerothorax_1	7	11	7	0	1	2	0	0	0	1	1	0	0.0658884158	106.240223186547	166.948922150288	106.240223186547	0	15.1771747409353	30.3543494818705	0	0	0	15.1771747409353	15.1771747409353	0
RDCT175_Microtermes_sp._1	1	2	2	0	0	2	0	0	0	0	0	0	0.0478598783	20.8943280994511	41.7886561989022	41.7886561989022	0	0	41.7886561989022	0	0	0	0	0	0
RDCT180_Cephalotermes_rectangularis_1	21	24	29	1	6	12	6	1	3	0	1	4	0.022590737	929.584546090727	1062.3823383894	1283.71199222053	44.2659307662251	265.595584597351	531.191169194701	265.595584597351	44.2659307662251	132.797792298675	0	44.2659307662251	177.0637230649
RDCT183_Apilitermes_longiceps_1	34	32	27	16	18	19	37	2	21	2	20	8	0.064953781	523.449127618914	492.65800246486	415.680189579726	246.32900123243	277.120126386484	292.515688963511	569.635815349995	30.7911251540538	323.306814117565	30.7911251540538	307.911251540538	123.164500616215
RDCT211_Termes_hospes_1	5	5	7	0	0	2	0	0	1	0	0	1	0.0321536569	155.503307619109	155.503307619109	217.704630666753	0	0	62.2013230476438	0	0	31.1006615238219	0	0	31.1006615238219
RDCT70_Ateuchotermes_retifaciens_1	40	33	29	1	16	20	13	0	9	1	7	7	0.0451068593	886.783088442604	731.596047965148	642.917739120888	22.1695772110651	354.713235377042	443.391544221302	288.204503743846	0	199.526194899586	22.1695772110651	155.187040477456	155.187040477456
Reticulitermes_flavipes_IS58_1	4	2	0	2	0	1	0	0	0	0	0	0	0.1023786279	39.0706545110867	19.5353272555433	0	19.5353272555433	0	9.76766362777167	0	0	0	0	0	0
Reticulitermes_santonensis_1	4	11	7	4	0	4	4	0	2	0	0	2	0.1221370222	32.7501025319741	90.0627819629288	57.3126794309547	32.7501025319741	0	32.7501025319741	32.7501025319741	0	16.3750512659871	0	0	16.3750512659871
SAF1_Microtermes_sp.A_1	38	39	38	6	19	15	18	2	11	1	4	8	0.0844507075	449.966626981781	461.807854007617	449.966626981781	71.0473621550181	224.983313490891	177.618405387545	213.142086465054	23.6824540516727	130.2534972842	11.8412270258363	47.3649081033454	94.7298162066908
SAF2_Macrotermes_falciger_SouthAfrica_1	22	18	11	2	6	17	8	0	13	1	1	1	0.0636651304	345.558076482005	282.729335303458	172.779038241002	31.4143705892731	94.2431117678194	267.022150008822	125.657482357093	0	204.193408830275	15.7071852946366	15.7071852946366	15.7071852946366
SAF6_Alyscotermes_sp._1	9	16	14	2	1	14	2	0	3	2	2	6	0.0418857901	214.870006713804	381.991123046763	334.242232665918	47.7488903808454	23.8744451904227	334.242232665918	47.7488903808454	0	71.6233355712681	47.7488903808454	47.7488903808454	143.246671142536
SING47_Microcerotermes_crassus_1	2	4	6	0	0	6	1	0	1	0	2	0	0.0509527288	39.2520684780282	78.5041369560564	117.756205434085	0	0	117.756205434085	19.6260342390141	0	19.6260342390141	0	39.2520684780282	0
SING48_Microcerotermes_sp.B_1	20	36	52	4	11	18	24	0	8	0	9	3	0.030928919	646.644003303187	1163.95920594574	1681.27440858829	129.328800660637	355.654201816753	581.979602972868	775.972803963824	0	258.657601321275	0	290.989801486434	96.996600495478
SING54_Hospitalitermes_hospitalis_1	14	16	24	3	9	13	10	2	2	0	3	4	0.0277562719	504.390504979885	576.446291405583	864.669437108375	108.083679638547	324.251038915641	468.362611767036	360.278932128489	72.0557864256979	72.0557864256979	0	108.083679638547	144.111572851396
SING60_Macrotermes_malaccensis_1	30	41	30	8	29	11	25	1	11	2	13	4	0.0723007169	414.933645007882	567.075981510773	414.933645007882	110.648972002102	401.10252350762	152.14233650289	345.778037506569	13.8311215002627	152.14233650289	27.6622430005255	179.804579503416	55.324486001051
SING73_Termes_comis_1	25	63	54	4	5	18	16	2	11	2	6	8	0.0843008027	296.557081300484	747.323844877221	640.563295609046	47.4491330080775	59.3114162600969	213.521098536349	189.79653203231	23.7245665040388	130.485115772213	23.7245665040388	71.1736995121163	94.898266016155
SING75_Schedorhinotermes_medioobscurus_Singapore_1	8	14	17	3	3	9	2	0	4	0	3	1	0.0896690466	89.2169628577271	156.129685001022	189.58604607267	33.4563610716477	33.4563610716477	100.369083214943	22.3042407144318	0	44.6084814288635	0	33.4563610716477	11.1521203572159
SING77_Havilanditermes_proatripennis_1	52	53	40	14	19	21	33	0	7	1	16	10	0.1128526508	460.777834028512	469.638946221368	354.44448771424	124.055570699984	168.361131664264	186.083356049976	292.416702364248	0	62.027785349992	8.861112192856	141.777795085696	88.61112192856
SING78_Hirtitermes_hirtiventris_1	34	30	29	15	36	15	54	2	29	4	38	11	0.0334763671	1015.64186754303	896.154589008555	866.282769374936	448.077294504277	1075.38550681027	448.077294504277	1613.0782602154	59.743639267237	866.282769374936	119.487278534474	1135.1291460775	328.590015969803
SING80_Coptotermes_kalshoveni_Singapore_1	2	0	2	0	1	0	0	0	0	0	0	0	0.4062607203	4.92294701423046	0	4.92294701423046	0	2.46147350711523	0	0	0	0	0	0	0
SING86_Globitermes_globosus_1	30	61	43	5	26	22	28	2	5	0	12	17	0.020053623	1495.98902901486	3041.84435899688	2144.25094158796	249.331504835809	1296.52382514621	1097.05862127756	1396.25642708053	99.7326019343238	249.331504835809	0	598.395611605943	847.727116441752
SING87_Macrotermes_carbonarius_Singapore_1	0	2	1	0	0	0	0	0	0	0	0	0	0.0587225189	0	34.0584845041448	17.0292422520724	0	0	0	0	0	0	0	0	0
SING88_Procapritermes_sp.G_1	36	65	48	4	41	19	54	5	9	2	46	15	0.043171146	833.890302564588	1505.63526851939	1111.85373675278	92.654478062732	949.708400143003	440.108770797977	1250.83545384688	115.818097578415	208.472575641147	46.327239031366	1065.52649772142	347.454292735245
SING89_Mirocapritermes_connectens_1	7	15	6	2	0	7	4	0	0	0	1	1	0.0482287376	145.141680009472	311.017885734583	124.407154293833	41.4690514312778	0	145.141680009472	82.9381028625555	0	0	0	20.7345257156389	20.7345257156389
SING91_Macrotermes_gilvus_Singapore_1	0	1	0	0	0	0	0	0	0	0	0	0	0.0502134282	0	19.9149915838648	0	0	0	0	0	0	0	0	0	0
Sinocapritermes_mushae_Japan_1	20	15	9	5	3	9	11	1	7	0	10	4	0.0879789195	227.327183757923	170.495387818442	102.297232691065	56.8317959394807	34.0990775636884	102.297232691065	125.029951066858	11.3663591878961	79.564514315273	0	113.663591878961	45.4654367515846
T1.15a_Leucopitermes_leucops_1	41	26	29	11	10	17	24	1	16	1	21	6	0.0365887992	1120.56150779608	710.599980553612	792.592286002105	300.638453311143	273.307684828312	464.623064208131	655.938443587949	27.3307684828312	437.292295725299	27.3307684828312	573.946138139456	163.984610896987
T1.6c_Procapritermes_sp.A_1	30	24	23	8	13	15	34	1	9	1	31	8	0.0383240166	782.798951193441	626.239160954752	600.145862581638	208.746386984917	339.212878850491	391.39947559672	887.172144685899	26.0932983731147	234.839685358032	26.0932983731147	808.892249566555	208.746386984917
T2.13c_Schedorhinotermes_longirostris_Singapore_1	12	24	14	1	2	11	2	0	1	2	7	1	0.1455579772	82.4413764936547	164.882752987309	96.1816059092638	6.87011470780455	13.7402294156091	75.5712617858501	13.7402294156091	0	6.87011470780455	13.7402294156091	48.0908029546319	6.87011470780455
T2.13d_Nasutitermes_matangensis_1	0	2	0	0	0	0	0	0	0	0	0	0	0.0579622366	0	34.5052247345472	0	0	0	0	0	0	0	0	0	0
T2.1c_Microcerotermes_havilandi_1	19	42	39	6	5	7	7	1	2	0	4	3	0.0247907747	766.41412904293	1694.17860104227	1573.16584382496	242.025514434609	201.687928695508	282.363100173711	282.363100173711	40.3375857391016	80.6751714782031	0	161.350342956406	121.012757217305
T2.1d_Schedorhinotermes_translucens_Singapore_1	10	10	5	0	1	3	2	0	2	0	2	0	0.1696021189	58.961527514265	58.961527514265	29.4807637571325	0	5.8961527514265	17.6884582542795	11.792305502853	0	11.792305502853	0	11.792305502853	0
T4.14A_Euhamitermes_hamatus_1	3	14	5	2	2	1	1	0	0	0	0	0	0.0734996133	40.8165412755988	190.477192619461	68.0275687926647	27.2110275170659	27.2110275170659	13.6055137585329	13.6055137585329	0	0	0	0	0
TBRU1.1b_Parrhinotermes_aequalis_spB_Brunei_1	19	37	24	8	3	11	7	2	3	0	3	4	0.1316867696	144.281768454893	280.969759622686	182.250654890391	60.7502182967969	22.7813318612988	83.5315501580958	53.1564410096973	15.1875545741992	22.7813318612988	0	22.7813318612988	30.3751091483985
TBRU1.20_Schedorhinotermes_spA_Brunei_1	7	15	12	2	3	8	1	0	2	1	1	0	0.109148983	64.1325260905088	137.426841622519	109.941473298015	18.3235788830025	27.4853683245038	73.29431553201	9.16178944150125	0	18.3235788830025	9.16178944150125	9.16178944150125	0
TBRU1.22c_Parrhinotermes_microdentiformis_spA_Brunei_1	51	51	41	4	17	21	26	0	12	0	18	17	0.1350842567	377.542144776076	377.542144776076	303.514273251355	29.6111486098883	125.847381592025	155.458530201914	192.472465964274	0	88.8334458296649	0	133.250168744497	125.847381592025
TBRU3.18a_Microcerotermes_nr.havilandi_1	18	37	41	4	6	15	9	0	6	2	2	8	0.0333003819	540.53434143949	1111.09836851451	1231.21711105662	120.118742542109	180.178113813163	450.445284532908	270.267170719745	0	180.178113813163	60.0593712710544	60.0593712710544	240.237485084218
TBRU3.4a_Nasutitermes_longirostris_1	0	3	1	0	0	3	2	0	0	0	1	0	0.0553312352	0	54.2189233469344	18.0729744489781	0	0	54.2189233469344	36.1459488979563	0	0	0	18.0729744489781	0
TBRU4.10A_Coptotermes_sepangensis_1	8	15	9	2	0	7	1	1	2	0	2	0	0.188870688	42.3570225995047	79.4194173740713	47.6516504244428	10.5892556498762	0	37.0623947745666	5.29462782493809	5.29462782493809	10.5892556498762	0	10.5892556498762	0
TBRU4-16A_Coptotermes_travians_Brunei_1	1	2	1	0	0	0	0	0	0	0	0	0	0.0885803793	11.2891817341767	22.5783634683533	11.2891817341767	0	0	0	0	0	0	0	0	0
TBRU5.3b_Oriensubulitermes_inanis_1	3	11	7	3	1	1	1	0	2	0	0	1	0.0359360486	83.4816324241058	306.099318888388	194.790475656247	83.4816324241058	27.8272108080353	27.8272108080353	27.8272108080353	0	55.6544216160705	0	0	27.8272108080353
TBRU5.4a_Glyptotermes_1	50	79	58	8	49	18	60	3	15	3	24	24	0.0370956951	1347.86529448265	2129.62716528258	1563.52374159987	215.658447117224	1320.90798859299	485.231506013753	1617.43835337918	80.8719176689588	404.359588344794	80.8719176689588	646.975341351671	646.975341351671
TBRU5.4b_Schedorhinotermes_spB_Brunei_1	10	10	10	2	0	5	3	0	3	0	2	2	0.1762358894	56.7421314355735	56.7421314355735	56.7421314355735	11.3484262871147	0	28.3710657177868	17.0226394306721	0	17.0226394306721	0	11.3484262871147	11.3484262871147
TBRU8.14E_Labritermes_buttelreepeni_1	28	64	54	6	66	17	54	5	28	5	28	21	0.0853498389	328.061544823841	749.854959597352	632.690122160266	70.2989024622517	773.287927084769	199.180223643047	632.690122160266	58.5824187185431	328.061544823841	58.5824187185431	328.061544823841	246.046158617881
TBRU9.12E_Microcerotermes_serrula_1	31	44	29	6	14	21	27	3	7	3	10	7	0.0365836077	847.374054910391	1202.7244650341	792.704761045204	164.00788159556	382.685057056306	574.027585584458	738.035467180018	82.0039407977798	191.342528528153	82.0039407977798	273.346469325933	191.342528528153
TBRU9.19E_Odontotermes_mathuri_1	4	5	3	1	1	7	0	0	3	0	0	0	0.0953562675	41.9479506158313	52.4349382697891	31.4609629618735	10.4869876539578	10.4869876539578	73.4089135777048	0	0	31.4609629618735	0	0	0
THAI005_Odontotermes_sp.6_1	6	22	7	0	2	8	3	1	2	1	4	0	0.0384085695	156.215138395092	572.788840782003	182.250994794274	0	52.0717127983639	208.286851193456	78.1075691975459	26.035856399182	52.0717127983639	26.035856399182	104.143425596728	0
THAI021_Nasutitermes_sp.2_1	45	38	34	10	17	19	33	0	14	1	20	5	0.0342113715	1315.35211910461	1110.74178946611	993.82160110126	292.300470912135	496.91080055063	555.370894733057	964.591554010046	0	409.220659276989	29.2300470912135	584.60094182427	146.150235456068
THAI026_Dicuspiditermes_sp.2_1	35	53	34	14	26	19	50	4	31	8	37	19	0.0353396752	990.388276120885	1499.73081812591	962.091468231717	396.155310448354	735.717005118372	537.639349894195	1414.84039445841	113.187231556673	877.201044564213	226.374463113345	1046.98189189922	537.639349894195
THAI027_Coptotermes_kalshoveni_Thailand_1	0	2	1	1	0	0	0	0	1	0	0	0	0.2487320772	0	8.04078035496742	4.02039017748371	4.02039017748371	0	0	0	0	4.02039017748371	0	0	0
THAI036_Termes_rostratus_1	5	8	11	0	1	4	2	0	2	0	1	0	0.0797213575	62.7184503224246	100.349520515879	137.980590709334	0	12.5436900644849	50.1747602579397	25.0873801289698	0	25.0873801289698	0	12.5436900644849	0
THAI038_Mirocapritermes_sp.1_1	11	17	12	4	4	4	2	0	2	0	3	2	0.0309904493	354.948064596146	548.556099830408	387.216070468523	129.072023489508	129.072023489508	129.072023489508	64.5360117447539	0	64.5360117447539	0	96.8040176171308	64.5360117447539
THAI045_Oriensubulitermes_inanis_1	3	5	8	1	1	4	2	0	3	0	0	0	0.0374593719	80.0867672850649	133.477945475108	213.564712760173	26.6955890950216	26.6955890950216	106.782356380087	53.3911781900433	0	80.0867672850649	0	0	0
THAI047_Macrotermes_carbonarius_Thailand_1	1	5	5	0	0	0	0	0	0	0	0	0	0.0558762499	17.896691381216	89.4834569060799	89.4834569060799	0	0	0	0	0	0	0	0	0
THAI052_Hospitalitermes_sp.D_1	23	35	26	3	19	13	10	0	9	0	6	4	0.0672352532	342.082447902494	520.560246808143	386.701897628906	44.6194497264123	282.589848267278	193.350948814453	148.731499088041	0	133.858349179237	0	89.2388994528246	59.4925996352164
THAI055_Microcerotermes_sp.A_1	20	53	43	4	11	20	6	3	4	1	5	1	0.0848904336	235.597807100846	624.334188817243	506.53528526682	47.1195614201693	129.578793905465	235.597807100846	70.6793421302539	35.3396710651269	47.1195614201693	11.7798903550423	58.8994517752116	11.7798903550423
THAI061_Pericapritermes_sp.3_1	12	31	25	2	7	13	16	0	11	0	14	4	0.0367986492	326.098926479073	842.422226737605	679.372763498069	54.3498210798455	190.224373779459	353.273837018996	434.798568638764	0	298.92401593915	0	380.448747558919	108.699642159691
THAI063_Schedorhinotermes_sp3_Thailand_1	0	0	2	0	0	0	0	0	0	0	0	0	0.179342181	0	0	11.1518661635993	0	0	0	0	0	0	0	0	0
THAI066_Euhamitermes_hamatus_1	3	11	5	0	1	0	0	1	2	0	0	2	0.1127198969	26.6146446413224	97.5870303515155	44.3577410688707	0	8.87154821377414	0	0	8.87154821377414	17.7430964275483	0	0	17.7430964275483
THAI067_Hospitalitermes_sp.C_1	39	34	40	6	12	21	37	2	19	1	27	6	0.0880023165	443.170152231163	386.353466047681	454.53348946786	68.1800234201789	136.360046840358	238.630081970626	420.44347775777	22.726674473393	215.903407497233	11.3633372366965	306.810105390805	68.1800234201789
THAI078_Mirocapritermes_sp.2_1	26	30	31	8	14	11	25	1	6	1	21	5	0.0289142528	899.210509773228	1037.55058819988	1072.13560780654	276.680156853301	484.190274493277	380.435215673289	864.625490166566	34.5850196066626	207.510117639976	34.5850196066626	726.285411739915	172.925098033313
THAI091_Aciculitermes_maymyoensis_1	20	54	32	4	13	6	17	2	9	0	11	6	0.0649918522	307.730881995082	830.873381386721	492.369411192131	61.5461763990164	200.025073296803	92.3192645985245	261.57124969582	30.7730881995082	138.478896897787	0	169.251985097295	92.3192645985245
THAI092_Schedorhinotermes_sp2_Thailand_1	0	0	1	0	0	0	0	0	0	0	0	0	0.12727246	0	0	7.85715935717751	0	0	0	0	0	0	0	0	0
THAI093_Bulbitermes_makhamensis_1	26	28	33	6	8	13	11	2	9	1	3	7	0.0551654611	471.309393260922	507.563961973301	598.200383754247	108.763706137136	145.018274849514	235.654696630461	199.400127918082	36.2545687123786	163.145559205704	18.1272843561893	54.3818530685679	126.890990493325
THAI096_Termes_rostratus_1	11	20	7	4	3	10	2	0	4	0	2	4	0.0448748004	245.126438489964	445.684433618116	155.989551766341	89.1368867236232	66.8526650427174	222.842216809058	44.5684433618116	0	89.1368867236232	0	44.5684433618116	89.1368867236232
THAI100_Bulbitermes_nr.laticephalus_1	16	24	11	7	3	10	3	0	2	0	6	1	0.0880313525	181.753426996365	272.630140494547	124.955481060001	79.5171243109096	34.0787675618184	113.595891872728	34.0787675618184	0	22.7191783745456	0	68.1575351236368	11.3595891872728
THAI102_Odontotermes_longignathus_1	32	39	23	4	13	26	13	3	13	3	3	5	0.1174636776	272.424639291219	332.017529136173	195.805209490563	34.0530799114023	110.672509712058	221.345019424115	110.672509712058	25.5398099335517	110.672509712058	25.5398099335517	25.5398099335517	42.5663498892529
THAI105_Sinocapritermes_sp.1_1	16	24	19	2	1	5	3	0	4	0	6	4	0.0405626986	394.451073331694	591.676609997541	468.410649581387	49.3063841664617	24.6531920832309	123.265960416154	73.9595762496926	0	98.6127683329235	0	147.919152499385	98.6127683329235
THAI108_NODE_1_length_15711_cov_281392_ID_711_1	36	47	30	3	13	15	34	1	5	1	17	6	0.0294089907	1224.11545391797	1598.15073150402	1020.09621159831	102.009621159831	442.041691692602	510.048105799156	1156.10903981142	34.0032070532771	170.016035266385	34.0032070532771	578.05451990571	204.019242319662
THAI95_Microcerotermes_crassus_1	5	8	6	0	2	5	1	0	1	0	0	0	0.0416512654	120.044372049258	192.070995278813	144.05324645911	0	48.0177488197033	120.044372049258	24.0088744098517	0	24.0088744098517	0	0	0
TP1.15A_Cryptotermes_sp3_Malaysia_1	37	84	52	4	37	17	54	2	17	3	26	21	0.0355227286	1041.58665334059	2364.68321298944	1463.85151280299	112.603962523307	1041.58665334059	478.566840724054	1520.15349406464	56.3019812616534	478.566840724054	84.4529718924801	731.925756401494	591.170803247361
TP1.19B_Pericapritermes_sp.G_1	20	39	26	6	15	14	43	2	15	2	22	16	0.0451035219	443.424352633536	864.677487635395	576.451658423596	133.027305790061	332.568264475152	310.397046843475	953.362358162102	44.3424352633536	332.568264475152	44.3424352633536	487.766787896889	354.739482106829
TP1.19C_Termes_rostratus_1	5	17	13	0	1	2	1	0	2	1	0	0	0.063930285	78.2101941200481	265.914660008164	203.346504712125	0	15.6420388240096	31.2840776480192	15.6420388240096	0	31.2840776480192	15.6420388240096	0	0
TP1.25B_Schedorhinotermes_spB_Malaysia_1	2	1	8	0	1	1	1	0	0	0	2	0	0.2302535398	8.68607710325416	4.34303855162708	34.7443084130166	0	4.34303855162708	4.34303855162708	4.34303855162708	0	0	0	8.68607710325416	0
TP1.6A_Odontotermes_minutus_1	8	12	9	0	0	5	2	0	0	0	0	3	0.0993686767	80.5082674508435	120.762401176265	90.5718008821989	0	0	50.3176671567772	20.1270668627109	0	0	0	0	30.1906002940663
TP1.8B_Odontotermes_hainanensis_1	9	8	12	1	2	3	1	0	0	0	0	1	0.0862932114	104.295573823088	92.7071767316334	139.06076509745	11.5883970914542	23.1767941829083	34.7651912743625	11.5883970914542	0	0	0	0	11.5883970914542
TW5238_Stylotermes_sp._1	3	4	3	1	1	3	1	0	0	0	0	1	0.0882608116	33.9901701062536	45.3202268083381	33.9901701062536	11.3300567020845	11.3300567020845	33.9901701062536	11.3300567020845	0	0	0	0	11.3300567020845
US12_Coptotermes_formosanus_US_1	0	1	0	1	0	0	0	0	0	0	0	0	0.183938872	0	5.43658873802379	0	5.43658873802379	0	0	0	0	0	0	0	0
US1_Reticulitermes_nelsonae_US_1	2	15	6	1	3	5	0	3	1	0	1	1	0.133019814	15.0353540563513	112.765155422635	45.106062169054	7.51767702817567	22.553031084527	37.5883851408783	0	22.553031084527	7.51767702817567	0	7.51767702817567	7.51767702817567
WA1_Microcerotermes_sp.C_1	6	12	7	2	0	5	2	0	0	0	2	3	0.0250607939	239.417794342102	478.835588684204	279.320760065785	79.8059314473673	0	199.514828618418	79.8059314473673	0	0	0	79.8059314473673	119.708897171051
WA2_Microcerotermes_newmani_1	28	41	35	5	9	11	14	0	7	1	5	12	0.0452741966	618.453823651064	905.59309891763	773.06727956383	110.438182794833	198.788729030699	242.964002148632	309.226911825532	0	154.613455912766	22.0876365589666	110.438182794833	265.051638707599
