Species	A_both	T_both	G_both	C_both	A_fr	T_fr	G_fr	C_fr	Taxonomy	Sociality	Termites
3.10.2AUS_Coptotermes_acinaciformis_raffrayi_Australia_1	1383	137	60	229	0.764510779436153	0.0757324488667772	0.033167495854063	0.126589275843007	Coptotermitinae	2	1
3.11.1_Nasutitermes_exitiosus_1	1204	186	119	268	0.677546426561621	0.104670793472144	0.0669667979741137	0.150815981992122	Nasutitermitinae	2	1
3.12.2.AUS_Heterotermes_cf_occiduus_1	1303	150	125	224	0.723085460599334	0.0832408435072142	0.0693673695893452	0.124306326304107	Coptotermitinae	2	1
3.14.4_Amitermes_sp.1_1	1261	214	68	174	0.734420500873617	0.124635993011066	0.0396039603960396	0.101339545719278	Amitermes-group	2	1
3_15_2_AUS_Heterotermes_occidus_Australia_1	1312	137	120	238	0.72606530160487	0.0758162700608744	0.0664084117321527	0.131710016602103	Coptotermitinae	2	1
3.15.6AUS_Heterotermes_platycephalus_Australia_1	1300	148	119	225	0.725446428571429	0.0825892857142857	0.06640625	0.125558035714286	Coptotermitinae	2	1
Allacta_bimaculata_1	862	320	15	66	0.682501979414093	0.253365003958828	0.0118764845605701	0.0522565320665083	Ectobiidae3	0	0
Amazonina_sp._1	666	539	35	208	0.459944751381215	0.372237569060773	0.024171270718232	0.143646408839779	Ectobiidae3	0	0
Anaplecta_calosoma_1	963	211	214	324	0.5625	0.123247663551402	0.125	0.189252336448598	Anaplectidae	0	0
Anaplecta_omei_1	935	338	107	211	0.587680703959774	0.212445003142678	0.0672532998114393	0.132620993086109	Anaplectidae	0	0
Ancistrotermes_pakistanicus_Thailand_1	1278	150	139	247	0.7045203969129	0.0826901874310915	0.0766262403528115	0.136163175303197	Macrotermitinae	2	1
ARG2014-01_Aparatermes_sp.B_1	1271	225	98	146	0.730459770114943	0.129310344827586	0.0563218390804598	0.0839080459770115	Apicotermitinae	2	1
AUS101_1	1150	291	50	155	0.698663426488457	0.176792223572296	0.0303766707168894	0.0941676792223572	Kalotermitidae	1	1
AUS103_Heterotermes_cf_paradoxus_1	1308	154	101	223	0.732362821948488	0.0862262038073908	0.0565509518477044	0.124860022396417	Coptotermitinae	2	1
AUS104_Schedorhinotermes_sp4_Australia_1	1297	145	97	250	0.724986025712689	0.0810508664058133	0.0542202347680268	0.139742873113471	Rhinotermitinae	2	1
AUS109_Kalotermitidae_sp_E_Australia_1	1212	236	41	189	0.722288438617402	0.140643623361144	0.0244338498212157	0.112634088200238	Kalotermitidae	1	1
AUS110_NODE_1_length_15815_cov_394767_ID_1911_1	1111	210	115	261	0.65468473777254	0.123747790218032	0.0677666470241603	0.153800824985268	Kalotermitidae	1	1
AUS111_1	1087	245	97	216	0.660790273556231	0.148936170212766	0.0589665653495441	0.131306990881459	Kalotermitidae	1	1
AUS114_Microcerotermes_sp.H_1	1239	213	103	205	0.703977272727273	0.121022727272727	0.0585227272727273	0.116477272727273	Microcerotermes	2	1
AUS11_Schedorhinotermes_spA_Australia_1	1307	142	89	250	0.730984340044743	0.0794183445190157	0.0497762863534676	0.139821029082774	Rhinotermitinae	2	1
AUS121_Heterotermes_cf_paradoxus_1	1307	140	116	233	0.727728285077951	0.0779510022271715	0.0645879732739421	0.129732739420935	Coptotermitinae	2	1
AUS18_Ephelotermes_melachoma_1	1205	204	125	229	0.683494044242768	0.115711854792967	0.0709018718094158	0.12989222915485	Termes-group	2	1
AUS19_Ephelotermes_taylori_1	1238	200	101	223	0.70261066969353	0.113507377979569	0.0573212258796822	0.126560726447219	Termes-group	2	1
AUS24_Nasutitermes_longipennis_1	1243	178	92	261	0.700676437429538	0.100338218714769	0.0518602029312289	0.147125140924464	Nasutitermitinae	2	1
AUS2_Laxta_sp._1	823	409	37	226	0.550501672240803	0.273578595317726	0.0247491638795987	0.151170568561873	Blaberidae	0	0
AUS30_Microcerotermes_sp._1	1244	210	109	212	0.700845070422535	0.11830985915493	0.0614084507042254	0.11943661971831	Microcerotermes	2	1
AUS46_Lophotermes_septentrionalis_1	1263	191	90	229	0.712351945854484	0.107727016356458	0.050761421319797	0.129159616469261	Termes-group	2	1
AUS47_Heterotermes_vagus_Australia_1	1236	141	190	281	0.668831168831169	0.0762987012987013	0.102813852813853	0.152056277056277	Coptotermitinae	2	1
AUS49_Tumulitermes_sp._1	1244	196	96	217	0.709640616086708	0.111808328579578	0.0547632629777524	0.123787792355961	Nasutitermitinae	2	1
AUS4_Amitermes_meridionalis_1	1244	213	78	198	0.717830351990768	0.122908251586844	0.0450086555106751	0.114252740911714	Amitermes-group	2	1
AUS50_Heterotermes_validus_1	1316	157	100	220	0.733965421081985	0.0875627440044618	0.0557724484104852	0.122699386503067	Coptotermitinae	2	1
AUS54_Nasutitermes_triodiae_1	1226	210	75	258	0.693046919163369	0.118711136235161	0.0423968343697004	0.145845110231769	Nasutitermitinae	2	1
AUS56_Tumulitermes_pastinator_1	1225	184	104	261	0.690529875986471	0.103720405862458	0.0586245772266065	0.147125140924464	Nasutitermitinae	2	1
AUS57_Tumulitermes_recalvus_1	1240	197	81	225	0.711417096959266	0.113023522662077	0.0464716006884682	0.129087779690189	Nasutitermitinae	2	1
AUS5_Tumulitermes_sp._1	1238	187	91	240	0.70501138952164	0.106492027334852	0.0518223234624146	0.136674259681093	Nasutitermitinae	2	1
AUS62_Nasutitermes_graveolus_1	1227	181	100	278	0.687010078387458	0.101343784994401	0.0559910414333707	0.15565509518477	Nasutitermitinae	2	1
AUS66_Microcerotermes_sp.E_1	1225	174	142	231	0.691309255079007	0.0981941309255079	0.0801354401805869	0.130361173814898	Microcerotermes	2	1
AUS6_Microcerotermes_nervosus_1	1247	194	121	201	0.707317073170732	0.110039705048213	0.0686330119115145	0.114010209869541	Microcerotermes	2	1
AUS71_Microcerotermes_sp.G_1	1247	207	104	204	0.707718501702611	0.117480136208854	0.0590238365493757	0.11577752553916	Microcerotermes	2	1
AUS77_Amitermes_sp.D_1	1232	209	92	203	0.709677419354839	0.120391705069124	0.0529953917050691	0.116935483870968	Amitermes-group	2	1
AUS78_Amitermes_sp.E_1	1236	220	92	190	0.711162255466053	0.126582278481013	0.0529344073647871	0.109321058688147	Amitermes-group	2	1
AUS82_Microcerotermes_sp.I_1	1263	196	115	210	0.707959641255605	0.109865470852018	0.0644618834080718	0.117713004484305	Microcerotermes	2	1
AUS89_NODE_1_length_15463_cov_359375_ID_1361_1	1060	245	118	239	0.637785800240674	0.147412755716005	0.0709987966305656	0.143802647412756	Kalotermitidae	1	1
AUS91_1	1210	182	86	179	0.730235365117683	0.109837054918527	0.051901025950513	0.108026554013277	Kalotermitidae	1	1
AUS97_Nasutitermes_sp._1	1219	201	120	228	0.68947963800905	0.11368778280543	0.0678733031674208	0.1289592760181	Nasutitermitinae	2	1
AUST14-12_Stolotermes_victoriensis_1	1102	262	51	175	0.693081761006289	0.164779874213836	0.0320754716981132	0.110062893081761	Stolotermitidae	1	1
AUSTRALIANRPERTH_Coptotermes_michaelseni_1	1340	140	101	237	0.737073707370737	0.077007700770077	0.0555555555555556	0.13036303630363	Coptotermitinae	2	1
B002_Aeluropoda_insignis_1	688	549	92	235	0.439897698209719	0.351023017902813	0.0588235294117647	0.150255754475703	Blaberidae	0	0
B003_Archimandrita_tesselata_1	743	527	72	170	0.491402116402116	0.348544973544974	0.0476190476190476	0.112433862433862	Blaberidae	0	0
B004_Blaberus_peruvianus_1	820	481	34	160	0.548494983277592	0.321739130434783	0.022742474916388	0.107023411371237	Blaberidae	0	0
B007_Blaberus_cf._1	804	496	63	152	0.530693069306931	0.327392739273927	0.0415841584158416	0.1003300330033	Blaberidae	0	0
B010_Blaberus_discoidalis_1	785	535	48	145	0.518836748182419	0.353602115003305	0.03172504957039	0.0958360872438863	Blaberidae	0	0
B015_Byrsotria_cabrerai_1	769	482	96	238	0.485173501577287	0.30410094637224	0.0605678233438486	0.150157728706625	Blaberidae	0	0
B016_Byrsotria_fumigata_1	772	493	94	201	0.494871794871795	0.316025641025641	0.0602564102564103	0.128846153846154	Blaberidae	0	0
B017_Byrsotria_rothi_1	768	508	92	207	0.487619047619048	0.322539682539683	0.0584126984126984	0.131428571428571	Blaberidae	0	0
B020_Diploptera_punctata_1	770	488	103	237	0.481852315394243	0.305381727158949	0.0644555694618273	0.148310387984981	Blaberidae	0	0
B021_Elliptorhina_chopardi_1	685	557	96	240	0.434093789607098	0.35297845373891	0.0608365019011407	0.152091254752852	Blaberidae	0	0
B023_Elliptorhina_javanica_1	650	572	97	242	0.416399743754004	0.366431774503523	0.0621396540679052	0.155028827674568	Blaberidae	0	0
B029_Gromphadorhina_grandidieri_1	681	531	82	288	0.430467762326169	0.335651074589128	0.0518331226295828	0.18204804045512	Blaberidae	0	0
B031_Gromphadorhina_oblongonota_1	689	545	71	259	0.440537084398977	0.34846547314578	0.0453964194373402	0.165601023017903	Blaberidae	0	0
B034_Gyna_caffrorum_1	748	556	49	214	0.477345245692406	0.354818123803446	0.0312699425654116	0.136566687938736	Blaberidae	0	0
B035_Gyna_capucina_1	731	535	68	245	0.462951234958835	0.338822039265358	0.0430652311589614	0.155161494616846	Blaberidae	0	0
B041_Nauphoeta_cinerea_1	719	566	76	183	0.465673575129534	0.366580310880829	0.0492227979274611	0.118523316062176	Blaberidae	0	0
B044_Panchlora_nivea_1	738	463	103	212	0.486807387862797	0.305408970976253	0.0679419525065963	0.139841688654354	Blaberidae	0	0
B046_Phoetalia_pallida_1	734	532	50	160	0.497289972899729	0.360433604336043	0.0338753387533875	0.10840108401084	Blaberidae	0	0
B048_Pycnoscelus_femapterus_1	797	487	43	150	0.53960731211916	0.329722410291131	0.029113067027759	0.10155721056195	Blaberidae	0	0
B050_Pycnoscelus_nigra_1	815	528	45	157	0.527508090614887	0.341747572815534	0.029126213592233	0.101618122977346	Blaberidae	0	0
B052_Pycnoscelus_surinamensis_1	803	491	58	175	0.525867714472823	0.321545514079895	0.0379829731499673	0.114603798297315	Blaberidae	0	0
B053_Rhyparobia_maderae_1	751	548	35	171	0.499003322259136	0.364119601328904	0.0232558139534884	0.113621262458472	Blaberidae	0	0
B054_Rhyparobia_sp._1	755	552	46	158	0.499669093315685	0.365320979483786	0.0304434149569821	0.104566512243547	Blaberidae	0	0
B055_Schultesia_lampyridiformis_1	748	547	37	90	0.526019690576653	0.384669479606188	0.0260196905766526	0.0632911392405063	Blaberidae	0	0
B056_Blaptica_dubia_1	791	462	74	187	0.522457067371202	0.305151915455746	0.0488771466314399	0.123513870541612	Blaberidae	0	0
B058_Asiablatta_kyotensis_1	791	485	39	132	0.546648237733241	0.335176226675881	0.0269523151347616	0.0912232204561161	Ectobiidae1	0	0
B061_Paratemnopteryx_couloniana_1	783	442	36	191	0.539256198347107	0.304407713498623	0.0247933884297521	0.131542699724518	Ectobiidae1	0	0
B062_Parcoblatta_divisa_1	800	474	57	98	0.559832050384884	0.331700489853044	0.039888033589923	0.0685794261721484	Ectobiidae1	0	0
B063_Parcoblatta_lata_1	757	483	57	120	0.534227240649259	0.340860973888497	0.0402258292166549	0.0846859562455893	Ectobiidae1	0	0
B064_Parcoblatta_pennsylvanica_1	786	483	41	109	0.553911205073996	0.340380549682875	0.0288935870331219	0.076814658210007	Ectobiidae1	0	0
B066_Symploce_macroptera_1	849	471	34	101	0.583505154639175	0.323711340206186	0.0233676975945017	0.0694158075601375	Ectobiidae1	0	0
B067_Symploce_pallens_1	850	437	45	88	0.598591549295775	0.307746478873239	0.0316901408450704	0.0619718309859155	Ectobiidae1	0	0
B068_Blatta_orientalis_1	959	313	31	82	0.692418772563177	0.225992779783393	0.0223826714801444	0.0592057761732852	Blattidae	0	0
B069_Deropeltis_paulinoi_1	859	352	26	62	0.661277906081601	0.270977675134719	0.0200153964588145	0.0477290223248653	Blattidae	0	0
B071_Eurycotis_decipiens_1	823	407	41	79	0.60962962962963	0.301481481481481	0.0303703703703704	0.0585185185185185	Blattidae	0	0
B072_Eurycotis_floridana_1	811	412	82	125	0.567132867132867	0.288111888111888	0.0573426573426573	0.0874125874125874	Blattidae	0	0
B073_Eurycotis_opaca_Sunset_1	842	404	57	114	0.594213126323218	0.285109386026817	0.0402258292166549	0.0804516584333098	Blattidae	0	0
B074_Eurycotis_sp._1	884	399	25	82	0.635971223021583	0.28705035971223	0.0179856115107914	0.0589928057553957	Blattidae	0	0
B075_Neostylopyga_rhombifolia_1	888	357	38	113	0.636103151862464	0.255730659025788	0.0272206303724928	0.080945558739255	Blattidae	0	0
B077_Periplaneta_australasiae_1	898	374	46	92	0.636879432624114	0.265248226950355	0.0326241134751773	0.0652482269503546	Blattidae	0	0
B078_Periplaneta_brunnea_1	920	358	49	97	0.646067415730337	0.251404494382022	0.0344101123595506	0.0681179775280899	Blattidae	0	0
B080_Shelfordella_lateralis_1	933	350	42	120	0.645674740484429	0.242214532871972	0.0290657439446367	0.0830449826989619	Blattidae	0	0
B082_Ischnoptera_bilunata_1	885	417	47	96	0.612456747404844	0.288581314878893	0.0325259515570934	0.0664359861591696	Ectobiidae1	0	0
B083_Ischnoptera_deropeltiformis_1	910	376	69	139	0.609103078982597	0.251673360107095	0.0461847389558233	0.0930388219544846	Ectobiidae1	0	0
B084_Ischnoptera_sp._1	949	307	65	159	0.641216216216216	0.207432432432432	0.0439189189189189	0.107432432432432	Ectobiidae1	0	0
B086_Ergaula_capucina_1	855	414	40	153	0.584815321477428	0.283173734610123	0.027359781121751	0.104651162790698	Corydiidae	0	0
B088_Polyphaga_aegyptiaca_1	906	323	41	206	0.613821138211382	0.218834688346883	0.0277777777777778	0.139566395663957	Corydiidae	0	0
B089_Therea_olegrandjeani_1	891	382	58	155	0.599596231493943	0.257065948855989	0.0390309555854643	0.104306864064603	Corydiidae	0	0
B090_Therea_petiveriana_1	875	422	68	157	0.574901445466491	0.277266754270696	0.0446780551905388	0.103153745072273	Corydiidae	0	0
B091_Therea_regularis_1	903	408	58	160	0.590582079790713	0.266841072596468	0.0379332897318509	0.104643557880968	Corydiidae	0	0
B094_Heterogamodes_hebraica_1	948	330	19	170	0.646216768916155	0.224948875255624	0.0129516019086571	0.115882753919564	Corydiidae	0	0
B096_Lobopterella_dimidiatipes_1	832	430	19	165	0.575380359612725	0.297372060857538	0.0131396957123098	0.114107883817427	Ectobiidae1	0	0
B097_Arenivaga_cf._1	733	487	25	80	0.553207547169811	0.367547169811321	0.0188679245283019	0.060377358490566	Corydiidae	0	0
B099_Parcoblatta_fulvescens_1	816	440	30	88	0.593886462882096	0.320232896652111	0.0218340611353712	0.0640465793304221	Ectobiidae1	0	0
B100_Parcoblatta_uhleriana_1	781	498	47	95	0.549612948627727	0.35045742434905	0.0330752990851513	0.0668543279380718	Ectobiidae1	0	0
B101_Parcoblatta_bolliana_1	745	512	47	110	0.526874115983027	0.362093352192362	0.0332390381895332	0.0777934936350778	Ectobiidae1	0	0
B103_Pycnoscelus_sp._1	797	483	65	184	0.521255722694572	0.315892740353172	0.0425114453891432	0.120340091563113	Blaberidae	0	0
B107_Neolaxta_mackerrasae_1	797	471	32	180	0.538513513513514	0.318243243243243	0.0216216216216216	0.121621621621622	Blaberidae	0	0
B115_Macropanesthia_rhinoceros_1	757	480	57	176	0.514965986394558	0.326530612244898	0.0387755102040816	0.119727891156463	Blaberidae	0	0
B122_Platyzosteria_nitida_1	836	441	25	71	0.608885651857247	0.321194464675892	0.0182083029861617	0.0517115804806992	Blattidae	0	0
B124_Tryonicus_mackerrasae_1	890	401	48	107	0.615491009681881	0.27731673582296	0.033195020746888	0.0739972337482711	Tryonicidae	0	0
BA2929_NODE_6_length_15590_cov_330713_ID_1249685_1	1041	255	130	218	0.633211678832117	0.155109489051095	0.0790754257907543	0.132603406326034	Kalotermitidae	1	1
BA3121_NODE_84_length_15754_cov_340293_ID_1927933_1	1017	157	251	338	0.576857629041407	0.0890527509926262	0.142370958593307	0.19171866137266	Kalotermitidae	1	1
Balta_sp._1	758	361	17	82	0.622331691297209	0.296387520525452	0.0139573070607553	0.0673234811165846	Ectobiidae3	0	0
BB_Ectobiidae_1	748	532	47	87	0.528995756718529	0.376237623762376	0.0332390381895332	0.0615275813295615	Ectobiidae1	0	0
BBI_Blattella_bisignata_1	743	504	56	124	0.520672740014015	0.353188507358094	0.0392431674842327	0.086895585143658	Ectobiidae1	0	0
BDIT020_Microtermes_sp_Burundi_1	1303	138	124	249	0.718302094818082	0.0760749724366042	0.0683572216097023	0.137265711135612	Macrotermitinae	2	1
BDIT022_Microcerotermes_parvus_1	1210	208	132	210	0.6875	0.118181818181818	0.075	0.119318181818182	Microcerotermes	2	1
BDIT023_Pseudacanthotermes_spiniger_Burundi_1	1315	144	48	245	0.750570776255708	0.0821917808219178	0.0273972602739726	0.139840182648402	Macrotermitinae	2	1
BDIT026_Promirotermes_pygmaeus_1	1215	173	121	268	0.683736634777715	0.0973550928531232	0.06809229037704	0.150815981992122	Promiro	2	1
BDIT034_Termes_hospes_1	1247	169	124	230	0.704519774011299	0.0954802259887006	0.0700564971751412	0.129943502824859	Termes-group	2	1
BDIT037_Furculitermes_soyeri_1	1122	207	185	281	0.625069637883008	0.115320334261838	0.103064066852368	0.156545961002786	Cubitermitinae	2	1
BDIT041_Nasutitermes_arborum_1	1253	170	89	256	0.708710407239819	0.0961538461538462	0.0503393665158371	0.144796380090498	Nasutitermitinae	2	1
BDIT049_Aderitotermes_sp.2_1	1254	215	94	168	0.724436741767764	0.12420566146736	0.0543038705950318	0.097053726169844	Apicotermitinae	2	1
BDIT051_Microtermes_sp_Burundi_1	1282	144	119	255	0.712222222222222	0.08	0.0661111111111111	0.141666666666667	Macrotermitinae	2	1
BDIT061_Alyscotermes_kilimandjaricus_1	1168	232	120	195	0.681049562682216	0.135276967930029	0.0699708454810496	0.113702623906706	Apicotermitinae	2	1
BDIT062_Acholotermes_chirotus_1	1269	175	96	228	0.717760180995475	0.0989819004524887	0.0542986425339367	0.1289592760181	Apicotermitinae	2	1
BDIT064_Macrotermes_sp.A_1	1352	133	74	210	0.764273600904466	0.075183719615602	0.0418315432447711	0.118711136235161	Macrotermitinae	2	1
BDIT069_Cubitermes_nr_fulvus_1	1223	228	93	179	0.709808473592571	0.132327336041788	0.0539756239117818	0.10388856645386	Cubitermitinae	2	1
BDIT073_Promirotermes_sp.A_1	1169	175	151	281	0.658220720720721	0.098536036036036	0.0850225225225225	0.158220720720721	Promiro	2	1
BDIT074_Aderitotermes_fossor_1	1240	178	104	227	0.708976558033162	0.101772441395083	0.0594625500285878	0.129788450543168	Apicotermitinae	2	1
BDIT075_Cubitermes_fulvus_1	1188	234	98	177	0.700058927519151	0.137890394814378	0.0577489687684149	0.104301708898055	Cubitermitinae	2	1
BDIT076_Apicotermitinae_gen.A_1	1202	220	108	207	0.691997697179044	0.126655152561888	0.0621761658031088	0.119170984455959	Apicotermitinae	2	1
BDIT078_Cubitermes_ugandensis_1	1224	241	76	143	0.726840855106888	0.143111638954869	0.0451306413301663	0.084916864608076	Cubitermitinae	2	1
BDIT087_Odontotermes_sp._1	1263	121	151	275	0.697790055248619	0.0668508287292818	0.0834254143646409	0.151933701657459	Macrotermitinae	2	1
BDIT089_Microcerotermes_progrediens_1	1251	165	132	246	0.697324414715719	0.0919732441471572	0.0735785953177258	0.137123745819398	Microcerotermes	2	1
BDIT101_Anenteotermes_polyscolus_1	1165	223	146	212	0.667239404352806	0.127720504009164	0.0836197021764032	0.121420389461627	Apicotermitinae	2	1
BDIT102_Microcerotermes_fuscotibialis_1	1230	149	157	274	0.679558011049724	0.0823204419889503	0.0867403314917127	0.151381215469613	Microcerotermes	2	1
BDIT106_Cubitermes_oblectatus_1	1217	217	106	178	0.708381839348079	0.126309662398137	0.0616996507566938	0.10360884749709	Cubitermitinae	2	1
BDIT108_Foraminitermes_rhinoceros_1	1278	141	132	247	0.710789766407119	0.078420467185762	0.0734149054505006	0.137374860956618	Foraminitermitinae	2	1
BDIT109_Aderitotermes_sp_1	1207	231	91	182	0.705435417884278	0.135008766803039	0.0531852717708942	0.106370543541788	Apicotermitinae	2	1
BDIT112_Astalotermes_murcus_1	1223	228	65	192	0.716042154566745	0.133489461358314	0.038056206088993	0.112412177985948	Apicotermitinae	2	1
BDIT114_Trinevitermes_sp.A_1	1255	198	67	219	0.721679125934445	0.113858539390454	0.0385278895917194	0.125934445083381	Nasutitermitinae	2	1
BDIT120_Astalotermes_sp._1	1213	260	67	147	0.719027860106698	0.15411973918198	0.039715471250741	0.0871369294605809	Apicotermitinae	2	1
BDIT121_Alyscotermes_sp.B_1	1188	235	100	194	0.691904484566104	0.136866627839255	0.05824111822947	0.112987769365172	Apicotermitinae	2	1
BDIT129_Macrotermes_vitrialatus_Burundi_1	1296	132	94	246	0.733031674208145	0.0746606334841629	0.0531674208144796	0.139140271493213	Macrotermitinae	2	1
BDIT27_Coptotermes_sjosdteti_Burundi_1	1274	122	163	266	0.698082191780822	0.0668493150684931	0.0893150684931507	0.145753424657534	Coptotermitinae	2	1
BDIT8-M2A_Coptotermes_amanii_1	1352	121	97	277	0.731997834325934	0.065511640498105	0.0525175961017867	0.149972929074174	Coptotermitinae	2	1
BDIT8-M2B_Microtermes_sp_Burundi_1	1286	144	111	258	0.714841578654808	0.0800444691495275	0.0617009449694275	0.143413007226237	Macrotermitinae	2	1
Beybienkoa_karandanensis_1	756	366	47	288	0.518874399450927	0.251201098146877	0.032258064516129	0.197666437886067	Ectobiidae1	0	0
Bifid_1	1056	243	95	280	0.630824372759857	0.145161290322581	0.0567502986857826	0.16726403823178	Kalotermitidae	1	1
BLA48_Laxta_sp._1	826	436	31	194	0.555480833893746	0.293207800941493	0.0208473436449227	0.130464021519839	Blaberidae	0	0
Blatella_germanica_1	747	522	46	105	0.526056338028169	0.367605633802817	0.0323943661971831	0.073943661971831	Ectobiidae1	0	0
BRA12_Aparatermes_sp.A_1	1138	318	172	147	0.64112676056338	0.179154929577465	0.0969014084507042	0.0828169014084507	Apicotermitinae	2	1
BRA13_Spinitermes_sp.A_1	1211	191	143	244	0.676914477361655	0.106763555058692	0.0799329234209055	0.136389044158748	Termes-group	2	1
BRA15_Glyptotermes_1	1158	237	72	196	0.696331930246542	0.142513529765484	0.0432952495490078	0.117859290438966	Kalotermitidae	1	1
BRA1_Constrictotermes_cyphergaster_1	1174	193	114	250	0.678220681686886	0.111496244945118	0.0658578856152513	0.144425187752744	Nasutitermitinae	2	1
BRA28_Anoplotermes-group_sp.I_1	1187	286	184	143	0.659444444444444	0.158888888888889	0.102222222222222	0.0794444444444444	Apicotermitinae	2	1
BRA29_Labiotermes_sp._1	1158	255	110	196	0.673647469458988	0.148342059336824	0.0639906922629436	0.114019778941245	Syntermitinae	2	1
BRA2_Inquilinitermes_sp._1	1188	191	150	237	0.672706681766704	0.108154020385051	0.0849377123442809	0.134201585503964	Termes-group	2	1
BRA31_Serritermes_serrifer_1	1140	166	157	301	0.646258503401361	0.0941043083900227	0.0890022675736961	0.170634920634921	Serritermitidae	1	1
BRA3_Cornitermes_cumulans_1	1212	242	82	186	0.70383275261324	0.140534262485482	0.0476190476190476	0.10801393728223	Syntermitinae	2	1
BRA7_Patawatermes_sp.A_1	1203	276	156	152	0.673195299384443	0.154448796866256	0.0872971460548405	0.08505875769446	Apicotermitinae	2	1
BRA8_Labiotermes_sp._1	1170	229	95	216	0.684210526315789	0.133918128654971	0.0555555555555556	0.126315789473684	Syntermitinae	2	1
BRU3_Amitermes_dentatus_1	1277	173	63	197	0.746783625730994	0.101169590643275	0.0368421052631579	0.115204678362573	Amitermes-group	2	1
BRU6_Nasutitermes_matangensis_1	1178	176	176	289	0.647608576140737	0.0967564595931831	0.0967564595931831	0.158878504672897	Nasutitermitinae	2	1
BRU8_Hospitalitermes_hospitalis_1	1170	172	146	275	0.663641520136132	0.0975609756097561	0.0828133862733976	0.155984117980715	Nasutitermitinae	2	1
BUidUT_Blattella_lituricollis_1	749	522	50	101	0.526722925457103	0.367088607594937	0.0351617440225035	0.0710267229254571	Ectobiidae1	0	0
BV_Blattella_vaga_1	850	475	35	97	0.583390528483185	0.326012354152368	0.0240219629375429	0.0665751544269046	Ectobiidae1	0	0
CA10_Synacanthotermes_sp._1	1222	140	178	257	0.680022259321091	0.0779076238174736	0.099053978853645	0.143016138007791	Macrotermitinae	2	1
CA11_Duplidentitermes_sp._1	1255	200	96	197	0.717963386727689	0.11441647597254	0.0549199084668192	0.112700228832952	Apicotermitinae	2	1
CA12_Astalotermes_Cameroon_1	1164	235	168	193	0.661363636363636	0.133522727272727	0.0954545454545455	0.109659090909091	Apicotermitinae	2	1
CA13_Ophiotermes_sp._1	1097	203	207	291	0.610122358175751	0.112903225806452	0.115127919911012	0.161846496106785	Cubitermitinae	2	1
CA15_Apicotermitinae_gen.B_Cameroon_1	1256	213	81	172	0.72938443670151	0.123693379790941	0.0470383275261324	0.099883855981417	Apicotermitinae	2	1
CA18_Amalotermes_phaeocephalus_Cameroon_1	1183	210	117	203	0.690601284296556	0.122591943957968	0.0683012259194396	0.118505545826036	Apicotermitinae	2	1
CA1_Cubitermes_fungifaber_1	1226	226	92	158	0.720329024676851	0.132784958871915	0.0540540540540541	0.0928319623971798	Cubitermitinae	2	1
CA20_Leptomyxotermes_doriae_1	1092	227	177	245	0.627225732337737	0.130384836300976	0.101665709362435	0.140723721998851	Nasutitermitinae	2	1
CA25_Pericapritermes_nigerianus_1	1181	244	94	211	0.682658959537572	0.141040462427746	0.0543352601156069	0.121965317919075	Pericapritermes-group	2	1
CA26_Sphaerotermes_sphaerothorax_1	1156	222	113	241	0.66743648960739	0.128175519630485	0.0652424942263279	0.139145496535797	Sphaerotermitinae	2	1
CA27_Acanthotermes_acanthotorax_Cameroon_1	1245	150	111	275	0.699045480067378	0.0842223469960696	0.0623245367770915	0.154407636159461	Macrotermitinae	2	1
CA35_Basidentitermes_aurivillii_Cameroon_1	1211	253	85	137	0.718268090154211	0.15005931198102	0.0504151838671412	0.0812574139976275	Cubitermitinae	2	1
CA37_Sphaerotermes_sp.A_1	1175	229	111	232	0.672581568402977	0.131081854607899	0.0635374928448769	0.132799084144247	Sphaerotermitinae	2	1
CA38_Aderitotermes_sp_Cameroon_1	1263	213	65	177	0.735157159487776	0.123981373690338	0.0378346915017462	0.10302677532014	Apicotermitinae	2	1
CA8_Postsubulitermes_parviconstrictus_1	1242	212	57	190	0.73015873015873	0.124632569077014	0.0335097001763668	0.111699000587889	Nasutitermitinae	2	1
CA9_Jugositermes_tuberculatus_1	1267	180	103	213	0.718661372660238	0.102098695405559	0.0584231423709586	0.120816789563244	Apicotermitinae	2	1
CAM16-31_NODE_1_length_16055_cov_206745_ID_2275_1	1101	243	90	233	0.660467906418716	0.145770845830834	0.0539892021595681	0.139772045590882	Kalotermitidae	1	1
Carbrunneria_paramaxi_1	714	506	42	226	0.479838709677419	0.34005376344086	0.0282258064516129	0.151881720430108	Ectobiidae1	0	0
CHI15-157_NODE_1_length_15696_cov_532996_ID_1259_1	1144	207	103	183	0.698839340256567	0.126450824679291	0.062919975565058	0.111789859499084	Kalotermitidae	1	1
CHI15-24_1	1139	188	149	232	0.666861826697892	0.110070257611241	0.0872365339578454	0.135831381733021	Kalotermitidae	1	1
CHI15-75_1	1137	297	35	127	0.712406015037594	0.18609022556391	0.0219298245614035	0.0795739348370927	Kalotermitidae	1	1
CHI15-85_NODE_1_length_15781_cov_415385_ID_1981_1	1182	189	112	229	0.690420560747664	0.110397196261682	0.0654205607476635	0.133761682242991	Kalotermitidae	1	1
COL17-26_NODE_1_length_15512_cov_173959_ID_51_1	976	289	131	315	0.570426651081239	0.168907071887785	0.0765634132086499	0.184102863822326	Kalotermitidae	1	1
COL2012L04_Patawatermes_turricola_1	1233	267	131	143	0.695039458850056	0.150507328072153	0.0738444193912063	0.080608793686584	Apicotermitinae	2	1
COL2012L05_Cavitermes_tuberosus_1	1175	210	131	238	0.669897377423033	0.119726339794755	0.0746864310148233	0.135689851767389	Termes-group	2	1
COL-2012L08_Nasutitermes_sp._1	1190	198	103	216	0.697129466900996	0.115992970123023	0.0603397773872291	0.126537785588752	Nasutitermitinae	2	1
COL2012T03_Humutermes_krishnai_1	1223	218	154	184	0.687464867903317	0.122540753232153	0.0865654862282181	0.103428892636313	Apicotermitinae	2	1
COL2012-T09_Microcerotermes_sp._1	1196	179	147	259	0.671532846715328	0.100505334081976	0.0825379000561482	0.145423919146547	Microcerotermes	2	1
COL-4PUERTO_Heterotermes_nr_tenuis_1	1268	139	178	253	0.689880304678999	0.0756256800870511	0.0968443960826986	0.137649619151251	Coptotermitinae	2	1
COL-SAS_Nasutitermes_sp._1	1188	184	155	284	0.655991165102153	0.101601325234677	0.0855880728879072	0.156819436775262	Nasutitermitinae	2	1
COPACI_Coptotermes_acinaciformis_Australia_1	1373	158	67	210	0.759402654867257	0.0873893805309734	0.0370575221238938	0.116150442477876	Coptotermitinae	2	1
COPFRE_Coptotermes_frenchi_Australia_1	1364	131	88	264	0.738494856524093	0.0709258256632377	0.0476448294531673	0.142934488359502	Coptotermitinae	2	1
COP-LAC_Coptotermes_lacteus_Australia_1	1352	132	90	248	0.742041712403952	0.0724478594950604	0.0493962678375412	0.136114160263447	Coptotermitinae	2	1
Coptotermes_formosanus_Miyako_1	1343	150	72	219	0.75280269058296	0.0840807174887892	0.0403587443946188	0.122757847533632	Coptotermitinae	2	1
CR_Cryptocercus_relictus_1	1108	200	52	94	0.762035763411279	0.137551581843191	0.0357634112792297	0.0646492434662999	Cryptocercidae	0	0
CRYAUS_Cryptotermes_austrinus_Australia_1	1137	196	131	274	0.654200230149597	0.11277330264672	0.0753739930955121	0.15765247410817	Kalotermitidae	1	1
CRYBREVIS_Cryptotermes_brevis_Australia_1	1138	263	60	192	0.688445251058681	0.159104658197217	0.0362976406533575	0.116152450090744	Kalotermitidae	1	1
CRYDOMESTI_Cryptotermes_domesticus_1	1094	247	126	238	0.641642228739003	0.144868035190616	0.073900293255132	0.139589442815249	Kalotermitidae	1	1
CRYDRUDDLE_Cryptotermes_dudleyi_Australia_1	998	242	213	343	0.555679287305123	0.134743875278396	0.118596881959911	0.19097995545657	Kalotermitidae	1	1
Cryptocercus_hirtus_1	1076	241	55	121	0.720696584058942	0.161419959812458	0.0368385800401875	0.0810448760884126	Cryptocercidae	0	0
Cryptocercus_meridianus_1	1108	228	19	78	0.773203070481507	0.15910676901605	0.0132588974180042	0.0544312630844382	Cryptocercidae	0	0
Cryptocercus_punctulatus_sp_CR18_1	995	272	45	112	0.69873595505618	0.191011235955056	0.0316011235955056	0.0786516853932584	Cryptocercidae	0	0
Cryptotermes_secundus_1	1020	227	217	334	0.567296996662959	0.126251390433815	0.120689655172414	0.185761957730812	Kalotermitidae	1	1
CRYQUEEN_Cryptotermes_queenslandicus_Australia_1	1138	212	126	250	0.659327925840093	0.122827346465817	0.0730011587485516	0.144843568945539	Kalotermitidae	1	1
CU_1490_0_NODE_2_length_15846_cov_660191_ID_1569873_1	1164	221	24	173	0.735777496839444	0.139696586599241	0.0151706700379267	0.109355246523388	Kalotermitidae	1	1
Dentispicotermes_brevicarinatus_1	1209	213	101	186	0.707431246342891	0.124634289057929	0.0590988882387361	0.108835576360445	Amitermes-group	2	1
Dolichorhinotermes_longilabius_1	1231	227	63	180	0.723691945914168	0.133450911228689	0.037037037037037	0.105820105820106	Rhinotermitidae	2	1
Drepanotermes_ISO312_1	1224	206	100	221	0.699029126213592	0.117647058823529	0.0571102227298686	0.12621359223301	Amitermes-group	2	1
E16_Microtermes_sp_Pakistan_1	1242	139	159	298	0.675734494015234	0.0756256800870511	0.0865070729053319	0.162132752992383	Macrotermitinae	2	1
E17-RS-34-2-TR_NODE_1_length_15518_cov_51521_ID_229_1	1077	263	47	142	0.704381948986265	0.172007848266841	0.0307390451275343	0.0928711576193591	Kalotermitidae	1	1
E31_Microtermes_obesi_Pakistan_1	1263	126	120	308	0.695101816180517	0.0693450742982939	0.066042927903137	0.169510181618052	Macrotermitinae	2	1
E42_Microcerotermes_sp.3_1	1254	139	132	243	0.709276018099548	0.0786199095022624	0.0746606334841629	0.137443438914027	Microcerotermes	2	1
E48_Coptotermes_heimi_Pakistan_1	1331	126	128	248	0.726132024004364	0.0687397708674304	0.0698308783415166	0.135297326786688	Coptotermitinae	2	1
E50_Microtermes_sp1_Pakistan_1	1272	140	109	279	0.706666666666667	0.0777777777777778	0.0605555555555556	0.155	Macrotermitinae	2	1
E58_Kalotermitidae_spA_Pakistan_1	1059	256	154	290	0.602046617396248	0.145537237066515	0.0875497441728255	0.164866401364412	Kalotermitidae	1	1
E6_Amitermes_sp.A_1	1258	209	89	198	0.717217787913341	0.119156214367161	0.0507411630558723	0.112884834663626	Amitermes-group	2	1
EC1466_0_NODE_3_length_15795_cov_299853_ID_608187_1	1062	252	97	165	0.673857868020305	0.15989847715736	0.0615482233502538	0.104695431472081	Kalotermitidae	1	1
Ectobius_sp_Z254C_1	795	364	68	172	0.568263045032166	0.260185847033595	0.0486061472480343	0.122944960686204	Ectobiidae3	0	0
Elliptorhina_davidi_22_1	651	543	100	246	0.422727272727273	0.352597402597403	0.0649350649350649	0.15974025974026	Blaberidae	0	0
Embiratermes_neotenicus_French_Guiana_1	1232	188	118	225	0.698808848553602	0.106636415201361	0.0669313669880885	0.127623369256948	Syntermitinae	2	1
ES_Eupolyphaga_sinensis_1	812	401	90	170	0.551255940257977	0.272233536999321	0.0610997963340122	0.11541072640869	Corydiidae	0	0
Eublaberus_distanti_25_1	638	506	44	117	0.488888888888889	0.387739463601533	0.0337164750957854	0.0896551724137931	Blaberidae	0	0
FG16-11_1	1206	156	157	212	0.696707105719237	0.0901213171577123	0.0906990179087233	0.122472559214327	Kalotermitidae	1	1
FG17-7_NODE_1_length_15536_cov_109291_ID_76_1	990	311	168	293	0.561861520998865	0.176503972758229	0.0953461975028377	0.166288308740068	Kalotermitidae	1	1
FG-ND2-12_1	1192	204	26	103	0.781639344262295	0.133770491803279	0.0170491803278689	0.0675409836065574	Kalotermitidae	1	1
FG-ND2-19_Anhangatermes_macarthuri_1	1170	233	112	199	0.682613768961494	0.135939323220537	0.0653442240373396	0.11610268378063	Nasutitermitinae	2	1
FG-ND2-26_Ruptitermes_nr.xanthochiton_1	1215	215	133	204	0.687606112054329	0.121675155631013	0.0752688172043011	0.115449915110357	Apicotermitinae	2	1
FG-N-D2-2_Neotermes_spA_FG_1	1159	181	140	278	0.659271899886234	0.102957906712173	0.0796359499431172	0.158134243458476	Kalotermitidae	1	1
FG-ND2-30_Nasutitermes_sp._1	1249	163	92	286	0.697765363128492	0.0910614525139665	0.0513966480446927	0.159776536312849	Nasutitermitinae	2	1
FG-ND2-32_Nasutitermes_sp.SC_1	1196	213	130	254	0.667038482989403	0.118795315114334	0.0725041829336308	0.141662018962632	Nasutitermitinae	2	1
FG-ND2-33_Anoplotermes-group_sp.SB_1	1223	220	110	194	0.700057240984545	0.125930165998855	0.0629650829994276	0.111047510017172	Apicotermitinae	2	1
FG-ND2-38_Microcerotermes_sp.SA_1	1238	165	125	252	0.695505617977528	0.0926966292134832	0.0702247191011236	0.141573033707865	Microcerotermes	2	1
FG-ND2-3_Comatermes_sp._1	1116	211	114	220	0.671884406983745	0.127031908488862	0.0686333534015653	0.132450331125828	Kalotermitidae	1	1
FG-ND2-43_Tetimatermes_sp.A_1	1230	213	112	160	0.717201166180758	0.124198250728863	0.0653061224489796	0.0932944606413994	Apicotermitinae	2	1
FG-ND2-48_Ruptitermes_arboreus_1	1227	204	122	205	0.697952218430034	0.116040955631399	0.0693970420932878	0.116609783845279	Apicotermitinae	2	1
FLY667_0_NODE_1_length_15810_cov_38592_ID_136216_1	1015	234	203	319	0.573122529644269	0.132128740824393	0.114624505928854	0.180124223602484	Kalotermitidae	1	1
G13-017_Anoplotermes-group_sp.N_1	1189	160	239	242	0.649726775956284	0.087431693989071	0.130601092896175	0.13224043715847	Apicotermitinae	2	1
G13-023_Embiratermes_brevinasus_1	1221	193	119	213	0.699312714776632	0.110538373424971	0.06815578465063	0.121993127147766	Syntermitinae	2	1
G13-026_Heterotermes_crinitus_FG_1	1199	131	218	322	0.641176470588235	0.0700534759358289	0.116577540106952	0.172192513368984	Coptotermitinae	2	1
G13-028_Planicapritermes_planiceps_1	1233	183	80	192	0.730450236966825	0.108412322274882	0.0473933649289099	0.113744075829384	Neocapri-group	2	1
G13-034_Anoplotermes_parvus_1	1170	222	190	212	0.652173913043478	0.123745819397993	0.105908584169454	0.118171683389075	Apicotermitinae	2	1
G13-036_Termes_fatalis_1	1214	198	126	217	0.691737891737892	0.112820512820513	0.0717948717948718	0.123646723646724	Termes-group	2	1
G13-065_Anoplotermes-group_sp.Q_1	1150	231	199	200	0.646067415730337	0.129775280898876	0.111797752808989	0.112359550561798	Apicotermitinae	2	1
G13-067_Crepititermes_verruculosus_1	1208	232	113	188	0.693854106835152	0.133256748994831	0.0649052268811028	0.107983917288914	Neocapri-group	2	1
G13-069_Anoplotermes-group_sp.AF_1	1238	269	133	155	0.689693593314763	0.149860724233983	0.0740947075208914	0.0863509749303621	Apicotermitinae	2	1
G13-072_Rubeotermes_jheringi_1	1222	267	93	142	0.708816705336427	0.154872389791183	0.0539443155452436	0.0823665893271462	Apicotermitinae	2	1
G13-080_Neocapritermes_taracua_1	1284	194	95	160	0.740911713791114	0.111944604731679	0.0548182342758223	0.0923254472013849	Neocapri-group	2	1
G13-081_Aparatermes_nr.cingulatus_1	1272	228	81	150	0.734835355285962	0.131715771230503	0.0467937608318891	0.0866551126516465	Apicotermitinae	2	1
G13-084_Termes_sp.A_1	1196	212	136	200	0.685779816513762	0.121559633027523	0.0779816513761468	0.114678899082569	Termes-group	2	1
G13-101_Silvestritermes_heyeri_1	1235	216	84	153	0.731635071090047	0.127962085308057	0.0497630331753555	0.0906398104265403	Syntermitinae	2	1
G13-107_Coptotermes_testaceus_FG_1	1330	124	120	271	0.720867208672087	0.0672086720867209	0.0650406504065041	0.146883468834688	Coptotermitinae	2	1
G13-10_Longustitermes_manni_1	1305	197	112	192	0.722591362126246	0.109080841638981	0.062015503875969	0.106312292358804	Apicotermitinae	2	1
G13-114_Compositermes_vindai_1	1258	228	72	145	0.738696418085731	0.133881385789783	0.0422783323546682	0.085143863769818	Apicotermitinae	2	1
G13-116_Anoplotermes_sp.E1_1	1194	205	169	207	0.672676056338028	0.115492957746479	0.0952112676056338	0.116619718309859	Apicotermitinae	2	1
G13-117_Nasutitermes_banksi_1	1180	207	153	257	0.656649972175849	0.115191986644407	0.0851419031719533	0.143016138007791	Nasutitermitinae	2	1
G13-120_Patawatermes_nigripunctatus_1	1229	271	138	133	0.693958215697346	0.153020892151327	0.0779220779220779	0.075098814229249	Apicotermitinae	2	1
G13-122_Anoplotermes_janus_1	1196	211	158	215	0.671910112359551	0.118539325842697	0.0887640449438202	0.120786516853933	Apicotermitinae	2	1
G13-127_Nasutitermes_similis_1	1173	197	149	287	0.649501661129568	0.109080841638981	0.0825027685492802	0.158914728682171	Nasutitermitinae	2	1
G13-130_Coatitermes_sp.2_1	1212	232	94	166	0.711267605633803	0.136150234741784	0.0551643192488263	0.0974178403755869	Nasutitermitinae	2	1
G13-140_Spinitermes_trispinosus_1	1178	197	164	248	0.659205372132065	0.110240626748741	0.0917739227756016	0.138780078343593	Termes-group	2	1
G13-142_Anoplotermes_sp.E1_1	1283	191	116	177	0.726089417091115	0.108092812676853	0.0656479909451047	0.100169779286927	Apicotermitinae	2	1
G678_Rugitermes_sp_A_1	1078	287	66	157	0.678841309823678	0.180730478589421	0.0415617128463476	0.0988664987405542	Kalotermitidae	1	1
G679_Caetetermes_taquarussu_1	1117	261	89	218	0.662908011869436	0.154896142433234	0.0528189910979228	0.129376854599407	Nasutitermitinae	2	1
G680_Anoplotermes_sp.E1_1	1182	208	180	217	0.661443760492445	0.116396194739787	0.100727476217124	0.121432568550644	Apicotermitinae	2	1
G681_Neocapritermes_araguaia_1	1244	221	90	136	0.735659373151981	0.130691898285038	0.0532229450029568	0.0804257835600237	Neocapri-group	2	1
G683_Neocapritermes_sp.H_1	1216	205	110	216	0.6960503720664	0.117344018317115	0.0629650829994276	0.123640526617058	Neocapri-group	2	1
G685_Atlantitermes_oculatissimus_1	1204	233	85	181	0.70698766881973	0.13681738109219	0.0499119201409278	0.106283029947152	Nasutitermitinae	2	1
G686_Cyrilliotermes_angulariceps_1	1279	168	92	233	0.721783295711061	0.0948081264108352	0.0519187358916479	0.131489841986456	Syntermitinae	2	1
G687_Cylindrotermes_parvignathus_1	1307	177	81	196	0.742191936399773	0.100511073253833	0.0459965928449744	0.11130039750142	Cephalo-group	2	1
G689_Microcerotermes_sp._1	1207	186	132	248	0.680767061477721	0.104906937394247	0.0744500846023689	0.139875916525663	Microcerotermes	2	1
G693_Cornitermes_pugnax_1	1180	254	102	183	0.686445607911576	0.147760325770797	0.0593368237347295	0.106457242582897	Syntermitinae	2	1
G697_Orthognathotermes_aduncus_1	1165	217	141	267	0.650837988826816	0.12122905027933	0.0787709497206704	0.149162011173184	Amitermes-group	2	1
G699_Inquilinitermes_inquilinus_1	1194	217	122	217	0.682285714285714	0.124	0.0697142857142857	0.124	Termes-group	2	1
G700_Constrictotermes_cavifrons_1	1127	204	152	252	0.649567723342939	0.117579250720461	0.0876080691642651	0.145244956772334	Nasutitermitinae	2	1
G702_Glossotermes_oculatus_1	1082	151	300	369	0.568874868559411	0.0793901156677182	0.157728706624606	0.194006309148265	Serritermitidae	1	1
G707_Neocapritermes_angusticeps_1	1240	227	84	141	0.732860520094563	0.134160756501182	0.049645390070922	0.0833333333333333	Neocapri-group	2	1
G711_Labiotermes_labralis_1	1152	274	76	169	0.689407540394973	0.163973668461999	0.0454817474566128	0.101137043686415	Syntermitinae	2	1
G712_Subulitermes_sp._1	1211	240	77	184	0.707359813084112	0.14018691588785	0.0449766355140187	0.107476635514019	Nasutitermitinae	2	1
G715_Syntermes_spinosus_1	1264	187	85	240	0.711711711711712	0.105292792792793	0.0478603603603604	0.135135135135135	Syntermitinae	2	1
G718_Nasutitermes_octopilis_1	1154	177	161	298	0.644692737430168	0.0988826815642458	0.0899441340782123	0.166480446927374	Nasutitermitinae	2	1
G721_Anoplotermes-group_sp.AD_1	1266	207	96	180	0.723842195540309	0.118353344768439	0.0548885077186964	0.102915951972556	Apicotermitinae	2	1
G728_Agnathotermes_crassinasus_1	1210	215	106	210	0.695002871912694	0.123492245835727	0.0608845491097071	0.120620333141872	Nasutitermitinae	2	1
G729_Araujotermes_parvellus_1	1203	235	77	185	0.707647058823529	0.138235294117647	0.0452941176470588	0.108823529411765	Nasutitermitinae	2	1
G733_Nasutitermes_macrocephalus_1	1201	166	142	290	0.667593107281823	0.0922734852695942	0.0789327404113396	0.161200667037243	Nasutitermitinae	2	1
G736_Atlantitermes_snyderi_1	1233	208	94	188	0.71561230412072	0.12071967498549	0.0545560069645966	0.109112013929193	Nasutitermitinae	2	1
G740_Coatitermes_kartaboensis_1	1174	233	92	196	0.692625368731563	0.137463126843658	0.0542772861356932	0.115634218289086	Nasutitermitinae	2	1
G751_Rhinotermes_hispidus_FG_1	1262	160	96	229	0.722381224957069	0.0915855752718947	0.0549513451631368	0.131081854607899	Rhinotermitinae	2	1
G769_Dihoplotermes_sp.A_1	1215	208	124	193	0.698275862068966	0.119540229885057	0.071264367816092	0.110919540229885	Termes-group	2	1
Glypto1_Glyptotermes_fuscus_Japan_1	1222	206	117	230	0.688450704225352	0.116056338028169	0.0659154929577465	0.129577464788732	Kalotermitidae	1	1
Glyptotermes_satsumensis_1	1155	251	97	200	0.678214914856136	0.147386964180857	0.0569583088667058	0.117439812096301	Kalotermitidae	1	1
GP17-13_1	1177	226	62	157	0.725647348951911	0.139334155363748	0.0382244143033292	0.0967940813810111	Kalotermitidae	1	1
GR2200_NODE_14_length_15769_cov_491341_ID_624588_1	998	188	226	340	0.569634703196347	0.107305936073059	0.128995433789954	0.194063926940639	Kalotermitidae	1	1
Heterotermes_ISO183_1	1297	137	122	247	0.719356627842485	0.0759844703272324	0.0676650027731558	0.136993899057127	Coptotermitinae	2	1
Hodotermopsis_sjosdteti_1	991	282	93	109	0.671864406779661	0.191186440677966	0.0630508474576271	0.0738983050847458	Archotermopsidae	1	1
I9_Mastotermes_darwiniensis_1	915	323	142	246	0.562730627306273	0.198646986469865	0.0873308733087331	0.151291512915129	Mastotermitidae	2	1
Incisitermes_arizonensis_1	1120	203	141	223	0.663900414937759	0.120331950207469	0.0835803200948429	0.132187314759929	Kalotermitidae	1	1
Incisitermes_minor_1	2267	401	282	481	0.660740308947829	0.116875546487904	0.0821917808219178	0.140192363742349	Kalotermitidae	1	1
IND1_Microtermes_sp.C_India_1	1272	132	107	289	0.706666666666667	0.0733333333333333	0.0594444444444444	0.160555555555556	Macrotermitinae	2	1
IND2_Trinervitermes_sp._1	1228	184	79	232	0.712710388856645	0.106790481717934	0.0458502611723738	0.134648868253047	Nasutitermitinae	2	1
IND3_Heterotermes_malabaricus_1	1287	140	145	267	0.699836867862969	0.0761283306144644	0.078847199564981	0.145187601957586	Coptotermitinae	2	1
IND5_Nasutitermes_sp.B_1	1232	195	87	234	0.704805491990847	0.111556064073227	0.0497711670480549	0.133867276887872	Nasutitermitinae	2	1
IND6_Odontotermes_sp.C_1	1262	101	172	301	0.687363834422658	0.0550108932461874	0.093681917211329	0.163943355119826	Macrotermitinae	2	1
IND8_Odontotermes_sp.B_1	1312	96	126	279	0.723662437948152	0.0529509100937672	0.0694980694980695	0.153888582460011	Macrotermitinae	2	1
IS13_Reticulitermes_flavipes_1	1265	180	96	224	0.71671388101983	0.101983002832861	0.0543909348441926	0.126912181303116	Coptotermitinae	2	1
IS17_Microhodotermes_viator_1	1343	122	69	180	0.783547257876313	0.0711785297549592	0.0402567094515753	0.105017502917153	Archotermopsidae	1	1
IS57_Reticulitermes_flavipes_1	1248	188	108	221	0.707082152974504	0.106515580736544	0.0611898016997167	0.125212464589235	Coptotermitinae	2	1
IS59_Reticulitermes_virginicus_1	1243	193	111	219	0.703850509626274	0.109286523216308	0.0628539071347678	0.12400906002265	Coptotermitinae	2	1
IS95_Macrotermes_subhyalinus_1	1359	131	68	221	0.763912310286678	0.073636874648679	0.0382237211916807	0.124227093872962	Macrotermitinae	2	1
ISO207_Porotermes_adamsoni_1	1191	207	106	209	0.695271453590193	0.120840630472855	0.0618797431406889	0.122008172796264	Stolotermitidae	1	1
ISO262_Neotermes_insularis_1	1230	231	75	173	0.719719133996489	0.135166764189585	0.0438853130485664	0.10122878876536	Kalotermitidae	1	1
ISO314_Schedorhinotermes_breinli_Australia_1	1296	150	84	259	0.724427054220235	0.0838457238680827	0.0469536053661263	0.144773616545556	Rhinotermitinae	2	1
ISO360_Macrognathotermes_errator_1	1213	208	116	217	0.691562143671608	0.118586088939567	0.0661345496009122	0.123717217787913	Termes-group	2	1
ISO845_Zootermopsis_angusticollis_1	1241	159	67	159	0.763222632226322	0.0977859778597786	0.0412054120541205	0.0977859778597786	Archotermopsidae	1	1
JE91_Nocticola_sp._1	703	442	31	272	0.485497237569061	0.30524861878453	0.0214088397790055	0.187845303867403	Nocticolidae	0	0
KE15-10_1	1120	211	128	275	0.645905420991926	0.121683967704729	0.0738177623990773	0.158592848904268	Kalotermitidae	1	1
KE15-140_1	1078	257	85	288	0.631147540983607	0.150468384074941	0.0497658079625293	0.168618266978923	Kalotermitidae	1	1
KE15-30_1	1160	181	100	270	0.677966101694915	0.105786090005845	0.0584453535943892	0.157802454704851	Kalotermitidae	1	1
KF_Kalotermes_flavicollis_1	1162	212	124	190	0.688388625592417	0.125592417061611	0.0734597156398104	0.112559241706161	Kalotermitidae	1	1
Lamproblatta_sp_1	859	358	41	123	0.622013034033309	0.259232440260681	0.0296886314265025	0.0890658942795076	Lamproblattidae	0	0
Macrotermes_barneyi_1	1370	138	51	198	0.779738190096756	0.0785429709732499	0.029026750142288	0.112692088787706	Macrotermitinae	2	1
MAD15-108_NODE_1_length_15757_cov_110743_ID_123_1	1145	163	122	287	0.666860803727432	0.0949330227140361	0.0710541642399534	0.167152009318579	Kalotermitidae	1	1
MAD15-1_1	1012	253	149	283	0.596346493812611	0.149086623453153	0.0878020035356512	0.166764879198586	Kalotermitidae	1	1
MAD15-128_NODE_1_length_16052_cov_832021_ID_301_1	1042	198	142	385	0.589700056593096	0.112054329371817	0.0803621958121109	0.217883418222977	Kalotermitidae	1	1
MAD15-171_NODE_1_length_15507_cov_475004_ID_850_1	1189	175	137	183	0.706057007125891	0.103919239904988	0.081353919239905	0.108669833729216	Kalotermitidae	1	1
MAD15-2_1	1089	202	108	364	0.61769710720363	0.114577424844016	0.0612592172433352	0.206466250709019	Kalotermitidae	1	1
MAL10_Neotermes_spA_Malaysia_1	1307	132	68	222	0.755928282244072	0.0763447079236553	0.0393290919606709	0.128397917871602	Kalotermitidae	1	1
MAL21_Microcerotermes_crassus_1	1209	191	141	239	0.679213483146067	0.107303370786517	0.0792134831460674	0.134269662921348	Microcerotermes	2	1
MAL27_Hospitalitermes_medioflavus_1	1178	176	140	275	0.665912945166761	0.0994912379875636	0.0791407574901074	0.155455059355568	Nasutitermitinae	2	1
MAL29_Parrhinotermes_sp2_Malaysia_1	1228	202	123	198	0.701313535122787	0.115362649914335	0.0702455739577384	0.11307824100514	Rhinotermitinae	2	1
MAL36_Cryptotermes_sp1_Malaysia_1	1112	229	111	272	0.645011600928074	0.132830626450116	0.064385150812065	0.157772621809745	Kalotermitidae	1	1
MAL41_Odontotermes_sp.K_1	1305	113	132	274	0.715460526315789	0.0619517543859649	0.0723684210526316	0.150219298245614	Macrotermitinae	2	1
Methana_sp_AUS1_1	978	328	13	61	0.708695652173913	0.23768115942029	0.00942028985507246	0.0442028985507246	Blattidae	0	0
MLA11_Coptotermes_sepangensis_1	1331	140	91	244	0.736987818383167	0.0775193798449612	0.0503875968992248	0.135105204872647	Coptotermitinae	2	1
Nasutitermes_ISO352_1	1223	197	108	260	0.684004474272931	0.110178970917226	0.0604026845637584	0.145413870246085	Nasutitermitinae	2	1
Nasutitermes_nr.perparvus_Thailand_1	1249	221	61	181	0.729556074766355	0.129088785046729	0.0356308411214953	0.105724299065421	Nasutitermitinae	2	1
Nasutitermes_takasagoensis_Japan_1	1163	172	176	299	0.642541436464088	0.0950276243093923	0.0972375690607735	0.165193370165746	Nasutitermitinae	2	1
NEW4_Microcerotermes_baluchistanicus_1	1268	182	116	221	0.709569110240627	0.101846670397314	0.0649132624510353	0.123670956911024	Microcerotermes	2	1
NG21_Glyptotermes_spA_NewGuinea_1	1084	231	184	278	0.610016882386044	0.129994372537985	0.103545301069218	0.156443444006753	Kalotermitidae	1	1
NG52_Parrhinotermes_browni_1	1234	188	96	248	0.698754246885617	0.106455266138165	0.0543601359003398	0.140430351075878	Rhinotermitinae	2	1
NG55_Pericapritermes_spB_NewGuinea_1	1189	259	89	157	0.701889020070838	0.152892561983471	0.0525383707201889	0.0926800472255018	Pericapritermes-group	2	1
NG69_Nasutitermes_bikpelanus_1	1188	199	125	258	0.671186440677966	0.112429378531073	0.0706214689265537	0.145762711864407	Nasutitermitinae	2	1
NG71_Microcerotermes_biroi_1	1246	240	70	165	0.723997675769901	0.139453805926787	0.0406740267286461	0.0958744915746659	Microcerotermes	2	1
NG77_Termitogeton_planus_1	1297	107	151	301	0.698814655172414	0.0576508620689655	0.0813577586206897	0.162176724137931	Termitogetoninae	1	1
NG79_Coptotermes_elisae_New_Guinea_1	1347	137	98	257	0.732463295269168	0.0744970092441544	0.0532898314301251	0.139749864056552	Coptotermitinae	2	1
NG91_Prorhinotermes_inopinatus_New_Guinea_1	1174	140	201	376	0.620835536753041	0.074034902168165	0.106292966684294	0.1988365943945	Prorhinotermitinae	1	1
NSW6_Occasitermes_occasus_1	1209	204	118	215	0.692439862542955	0.116838487972509	0.0675830469644903	0.123138602520046	Nasutitermitinae	2	1
NU_mod_1	1196	195	62	210	0.719182200841852	0.117257967528563	0.037282020444979	0.126277811184606	Kalotermitidae	1	1
Odontotermes_formosanus_Japan_1	1310	110	115	273	0.724557522123894	0.0608407079646018	0.0636061946902655	0.150995575221239	Macrotermitinae	2	1
PA942_NODE_72_length_15794_cov_8138327_1	1216	168	84	218	0.721233689205219	0.099644128113879	0.0498220640569395	0.129300118623962	Kalotermitidae	1	1
Panesthia_angustipennis_Z138PA_1	802	500	49	172	0.526592252133946	0.328299409061064	0.0321733420879842	0.112934996717006	Blaberidae	0	0
Panesthia_sp_Salganea_1	775	483	48	210	0.511213720316623	0.318601583113456	0.0316622691292876	0.138522427440633	Blaberidae	0	0
Paranauphoeta_circumda_1	775	540	20	138	0.526137135098439	0.366598778004073	0.0135777325186694	0.0936863543788187	Blaberidae	0	0
Periplaneta_americana_1	929	368	49	112	0.637174211248285	0.252400548696845	0.0336076817558299	0.0768175582990398	Blattidae	0	0
PF_Periplaneta_fuliginosa_1	938	387	36	59	0.66056338028169	0.272535211267606	0.0253521126760563	0.0415492957746479	Blattidae	0	0
PHI3_Hospitalitermes_sp._1	1228	173	113	258	0.693002257336343	0.0976297968397291	0.0637697516930023	0.145598194130926	Nasutitermitinae	2	1
PHI6_1	1167	203	116	177	0.701743836440168	0.122068550811786	0.0697534576067348	0.106434155141311	Kalotermitidae	1	1
Phyllodromica_sp._1	796	393	46	142	0.578068264342774	0.285403050108932	0.0334059549745824	0.103122730573711	Ectobiidae3	0	0
Polyzosteria_viridissima_1	892	387	50	159	0.599462365591398	0.26008064516129	0.0336021505376344	0.106854838709677	Blattidae	0	0
Prorhinotermes_canalifrons_1	1148	143	221	359	0.613575628006414	0.0764297167290219	0.11811865312667	0.191876002137894	Prorhinotermitinae	1	1
Prorhinotermes_simplex_Cuba_1	1192	154	181	328	0.642587601078167	0.0830188679245283	0.0975741239892183	0.176819407008086	Prorhinotermitinae	1	1
Protagonista_lugubris_1	878	352	45	109	0.634393063583815	0.254335260115607	0.032514450867052	0.078757225433526	Blattidae	0	0
RDCT003_Schedorhinotermes_putiorus_Congo_1	1279	167	69	219	0.73760092272203	0.0963091118800461	0.0397923875432526	0.126297577854671	Rhinotermitinae	2	1
RDCT008_Trichotermes_ducis_1	1240	178	100	213	0.716348931253611	0.102830733679954	0.0577700751010976	0.123050259965338	Apicotermitinae	2	1
RDCT011_Macrotermes_muelleri_Congo_1	1286	126	122	257	0.718034617532105	0.0703517587939698	0.0681183696259073	0.143495254048018	Macrotermitinae	2	1
RDCT012_Furculitermes_longilabius_1	1156	211	161	274	0.641509433962264	0.117092119866815	0.0893451720310766	0.152053274139845	Cubitermitinae	2	1
RDCT014_Pericapritermes_sp.A_1	1158	220	116	222	0.674825174825175	0.128205128205128	0.0675990675990676	0.129370629370629	Pericapritermes-group	2	1
RDCT016_Protermes_prorepens_1	1294	120	109	267	0.722905027932961	0.0670391061452514	0.0608938547486034	0.149162011173184	Macrotermitinae	2	1
RDCT033_Microcerotermes_fuscotibialis_1	1210	160	169	272	0.668139149641082	0.0883489784649365	0.0933186085035892	0.150193263390392	Microcerotermes	2	1
RDCT040_Acidnotermes_praus_1	1161	231	168	185	0.665329512893983	0.132378223495702	0.0962750716332378	0.106017191977077	Apicotermitinae	2	1
RDCT046_Astalotermes_quietus_1	1134	268	114	160	0.676610978520286	0.159904534606205	0.0680190930787589	0.0954653937947494	Apicotermitinae	2	1
RDCT047_Furculitermes_cubitalis_1	1139	202	171	266	0.640607424071991	0.113610798650169	0.0961754780652418	0.149606299212598	Cubitermitinae	2	1
RDCT048_Microtermes_sp._1	1254	151	150	254	0.693200663349917	0.0834715312327253	0.0829187396351575	0.1404090657822	Macrotermitinae	2	1
RDCT051_Orthotermes_depressifrons_1	1207	209	125	212	0.688533941814033	0.119224187107815	0.0713063320022818	0.12093553907587	Cubitermitinae	2	1
RDCT052_Astalotermes_sp.B_1	1148	247	126	209	0.663583815028902	0.142774566473988	0.0728323699421965	0.120809248554913	Apicotermitinae	2	1
RDCT077_Furculitermes_winifredae_1	1123	214	195	263	0.625626740947075	0.119220055710306	0.108635097493036	0.146518105849582	Cubitermitinae	2	1
RDCT100_Noditermes_cristifrons_1	1141	217	154	214	0.661066048667439	0.125724217844728	0.0892236384704519	0.123986095017381	Cubitermitinae	2	1
RDCT106_Nasutitermes_lujae_1	1200	209	123	235	0.67911714770798	0.118279569892473	0.0696095076400679	0.132993774759479	Nasutitermitinae	2	1
RDCT108_Procubitermes_undulans_1	1146	250	130	181	0.671353251318102	0.146455770357352	0.0761570005858231	0.106033977738723	Cubitermitinae	2	1
RDCT112_Schedorhinotermes_lamanianus_Congo_1	1289	150	78	242	0.732802728823195	0.0852757248436612	0.0443433769187038	0.13757816941444	Rhinotermitinae	2	1
RDCT121_Ateuchotermes_sp.C_1	1241	182	68	231	0.720673635307782	0.105691056910569	0.0394889663182346	0.134146341463415	Apicotermitinae	2	1
RDCT125_Tuberculitermes_bycanistes_1	1209	199	118	222	0.691647597254005	0.113844393592677	0.0675057208237986	0.127002288329519	Termes-group	2	1
RDCT128_Thoracotermes_macrothorax_1	1179	217	101	208	0.691495601173021	0.127272727272727	0.0592375366568915	0.121994134897361	Cubitermitinae	2	1
RDCT129_Crenetermes_albotarsalis_1	1222	235	86	167	0.714619883040936	0.137426900584795	0.0502923976608187	0.0976608187134503	Cubitermitinae	2	1
RDCT130_Cubitermes_sulcifrons_1	1216	228	90	162	0.716981132075472	0.134433962264151	0.0530660377358491	0.0955188679245283	Cubitermitinae	2	1
RDCT131_Orthotermes_mansuetus_1	1221	198	127	209	0.695726495726496	0.112820512820513	0.0723646723646724	0.119088319088319	Cubitermitinae	2	1
RDCT137_Nasutitermes_latifrons_1	1193	171	121	301	0.667973124300112	0.0957446808510638	0.0677491601343785	0.168533034714446	Nasutitermitinae	2	1
RDCT141_Ophiotermes_grandilabius_1	1094	194	204	296	0.611856823266219	0.108501118568233	0.114093959731544	0.165548098434004	Cubitermitinae	2	1
RDCT144_Odontotermes_sp.D_1	1300	112	122	289	0.713110257816785	0.0614371914426769	0.0669226549643445	0.158529895776193	Macrotermitinae	2	1
RDCT147_Astratotermes_sp._1	1188	225	98	188	0.699234844025898	0.132430841671572	0.0576809888169511	0.11065332548558	Apicotermitinae	2	1
RDCT157_Nasutitermes_diabolus_1	1228	191	101	231	0.701313535122787	0.109080525414049	0.0576813249571673	0.131924614505997	Nasutitermitinae	2	1
RDCT159_Proboscitermes_tubuliferus_1	1219	215	142	177	0.695379349686252	0.122646891043925	0.0810039931545921	0.100969766115231	Cubitermitinae	2	1
RDCT160_Odontotermes_nr.pauperans_1	1241	114	179	281	0.683746556473829	0.0628099173553719	0.0986225895316804	0.154820936639118	Macrotermitinae	2	1
RDCT161_Pseudacanthotermes_militaris_Congo_1	1309	161	67	251	0.732102908277405	0.0900447427293065	0.0374720357941834	0.140380313199105	Macrotermitinae	2	1
RDCT163_Glyptotermes_spA_Congo_1	1209	206	73	173	0.72787477423239	0.124021673690548	0.0439494280553883	0.104154124021674	Kalotermitidae	1	1
RDCT180_Cephalotermes_rectangularis_1	1238	181	103	224	0.709049255441008	0.103665521191294	0.058991981672394	0.128293241695304	Cephalo-group	2	1
RDCT183_Apilitermes_longiceps_1	1255	190	64	168	0.748360166964818	0.11329755515802	0.0381633870005963	0.100178890876565	Cubitermitinae	2	1
RDCT70_Ateuchotermes_retifaciens_1	1263	183	68	209	0.733023795705165	0.106210098665119	0.0394660475914103	0.121300058038305	Apicotermitinae	2	1
RET-GRA_Reticulitermes_grassei_France_1	1208	191	154	232	0.676750700280112	0.107002801120448	0.0862745098039216	0.129971988795518	Coptotermitinae	2	1
Reticulitermes_aculabialis_China_1	1249	188	131	205	0.704455724760293	0.106034968979131	0.0738860688099267	0.115623237450649	Coptotermitinae	2	1
Reticulitermes_chinensis_China_1	1245	167	139	232	0.69826135726304	0.0936623667975322	0.0779584969153113	0.130117779024117	Coptotermitinae	2	1
Reticulitermes_hageni_1	1237	167	144	244	0.690290178571429	0.0931919642857143	0.0803571428571429	0.136160714285714	Coptotermitinae	2	1
Rhabdoblatta_sp_1	757	523	60	122	0.517783857729138	0.357729138166895	0.0410396716826265	0.0834473324213406	Blaberidae	0	0
SAF1_Microtermes_sp.A_1	1288	142	101	258	0.719955282280604	0.0793739519284516	0.0564561207378424	0.144214645053102	Macrotermitinae	2	1
SAF2_Macrotermes_falciger_SouthAfrica_1	1343	156	70	185	0.765678449258837	0.088939566704675	0.0399087799315849	0.105473204104903	Macrotermitinae	2	1
SAF3_Microtermes_sp.B_1	1272	128	120	290	0.702762430939227	0.0707182320441989	0.0662983425414365	0.160220994475138	Macrotermitinae	2	1
SAF4_Amitermes_sp.5_1	1265	202	79	191	0.728267127230858	0.11629245826137	0.0454807138744963	0.109959700633276	Amitermes-group	2	1
SAF5_Allodontermes_schultzei_1	1284	128	135	290	0.698965704953729	0.0696788241698421	0.0734893848666304	0.157866086009799	Macrotermitinae	2	1
SAF7_Amitermes_sp.3_1	1267	183	82	211	0.726907630522088	0.104991394148021	0.0470453241537579	0.121055651176133	Amitermes-group	2	1
SAF8_Amitermes_sp.4_1	1279	208	76	171	0.73760092272203	0.119953863898501	0.0438292964244521	0.0986159169550173	Amitermes-group	2	1
SING48_Microcerotermes_sp.B_1	1259	188	101	227	0.709295774647887	0.105915492957746	0.0569014084507042	0.127887323943662	Microcerotermes	2	1
SING54_Hospitalitermes_hospitalis_1	1173	188	131	265	0.667615253272624	0.107000569151964	0.0745589072282299	0.150825270347183	Nasutitermitinae	2	1
SING55_Bulbitermes_singaporensis_1	1181	172	134	282	0.667608818541549	0.0972300734878462	0.0757490107405314	0.159412097230073	Nasutitermitinae	2	1
SING58_Aciculitermes_aciculatus_1	1176	244	69	192	0.699583581201666	0.145151695419393	0.041046995835812	0.114217727543129	Nasutitermitinae	2	1
SING60_Macrotermes_malaccensis_1	1312	164	79	216	0.740824392998306	0.0926030491247883	0.0446075663466968	0.121964991530209	Macrotermitinae	2	1
SING73_Termes_comis_1	1203	187	136	224	0.687428571428571	0.106857142857143	0.0777142857142857	0.128	Termes-group	2	1
SING74_Neotermes_spA_Singapore_1	1209	206	99	170	0.717933491686461	0.122327790973872	0.0587885985748219	0.100950118764846	Kalotermitidae	1	1
SING75_Schedorhinotermes_medioobscurus_Singapore_1	1252	174	100	241	0.708545557441992	0.098471986417657	0.0565930956423316	0.136389360498019	Rhinotermitinae	2	1
SING76_Glyptotermes_1	1174	212	62	237	0.69673590504451	0.125816023738872	0.0367952522255193	0.140652818991098	Kalotermitidae	1	1
SING77_Havilanditermes_proatripennis_1	1178	214	95	206	0.695806261075015	0.12640283520378	0.0561134081512109	0.121677495569994	Nasutitermitinae	2	1
SING78_Hirtitermes_hirtiventris_1	1246	197	45	206	0.735537190082645	0.11629279811098	0.0265643447461629	0.121605667060213	Nasutitermitinae	2	1
SING80_Coptotermes_kalshoveni_Singapore_1	1388	131	55	244	0.763476347634763	0.0720572057205721	0.0302530253025303	0.134213421342134	Coptotermitinae	2	1
SING86_Globitermes_globosus_1	1242	182	93	252	0.702091577162239	0.10288298473714	0.0525720746184285	0.142453363482193	Amitermes-group	2	1
SING87_Macrotermes_carbonarius_Singapore_1	1314	147	78	236	0.740281690140845	0.0828169014084507	0.043943661971831	0.132957746478873	Macrotermitinae	2	1
SING88_Procapritermes_sp.G_1	1174	263	112	181	0.678612716763006	0.152023121387283	0.0647398843930636	0.104624277456647	Pericapritermes-group	2	1
SING89_Mirocapritermes_connectens_1	1273	203	71	164	0.744009351256575	0.11864406779661	0.0414962010520164	0.0958503798947984	Pericapritermes-group	2	1
SING91_Macrotermes_gilvus_Singapore_1	1370	127	65	214	0.771396396396396	0.071509009009009	0.0365990990990991	0.120495495495495	Macrotermitinae	2	1
Sinocapritermes_mushae_Japan_1	1260	224	32	150	0.756302521008403	0.134453781512605	0.0192076830732293	0.0900360144057623	Termes-group	2	1
T1.10e_Prohamitermes_mirabilis_1	1275	194	68	205	0.731917336394948	0.111366245694604	0.0390355912743972	0.117680826636051	Amitermes-group	2	1
T1.15a_Leucopitermes_leucops_1	1142	285	75	198	0.671764705882353	0.167647058823529	0.0441176470588235	0.116470588235294	Nasutitermitinae	2	1
T13_Heterotermes_tenuis_FG_1	1279	134	159	250	0.701975850713502	0.0735455543358946	0.0872667398463227	0.137211855104281	Coptotermitinae	2	1
T1.6c_Procapritermes_sp.A_1	1191	271	45	131	0.727106227106227	0.165445665445665	0.0274725274725275	0.07997557997558	Pericapritermes-group	2	1
T1.6d_Pericapritermes_dolichocephalus_1	1245	257	89	134	0.721739130434783	0.148985507246377	0.0515942028985507	0.0776811594202899	Pericapritermes-group	2	1
T2.13c_Schedorhinotermes_longirostris_Singapore_1	1240	176	99	245	0.704545454545455	0.1	0.05625	0.139204545454545	Rhinotermitinae	2	1
T2.19a_Oriensubulitermes_inanis_1	1209	254	62	178	0.709923664122137	0.149148561362302	0.0364063417498532	0.104521432765708	Nasutitermitinae	2	1
T2.1c_Microcerotermes_havilandi_1	1199	210	139	226	0.67587373167982	0.118376550169109	0.0783540022547914	0.12739571589628	Microcerotermes	2	1
T2.1d_Schedorhinotermes_translucens_Singapore_1	1257	186	87	240	0.710169491525424	0.105084745762712	0.0491525423728814	0.135593220338983	Rhinotermitinae	2	1
T2.1e_Amitermes_dentatus_1	1282	177	64	189	0.748831775700935	0.10338785046729	0.0373831775700935	0.110397196261682	Amitermes-group	2	1
T3.10E_Bulbitermes_sp.B_1	1161	210	119	242	0.670323325635104	0.121247113163972	0.0687066974595843	0.139722863741339	Nasutitermitinae	2	1
T4.12_Odontotermes_sp.A_1	1220	140	185	288	0.66557555919258	0.0763775231860338	0.100927441352973	0.157119476268412	Macrotermitinae	2	1
T4.14A_Euhamitermes_hamatus_1	1260	177	158	192	0.705092333519866	0.0990486849468383	0.0884163402350308	0.107442641298265	Apicotermitinae	2	1
T6.9a_Parrhinotermes_spB_Singapore_1	1233	169	117	232	0.70416904625928	0.096516276413478	0.0668189605939463	0.132495716733295	Rhinotermitinae	2	1
TBRU1.1b_Parrhinotermes_aequalis_spB_Brunei_1	1234	168	109	240	0.704740148486579	0.0959451741861793	0.0622501427755568	0.137064534551685	Rhinotermitinae	2	1
TBRU1.22c_Parrhinotermes_microdentiformis_spA_Brunei_1	1205	214	86	206	0.70426651081239	0.125073056691993	0.0502630040911747	0.120397428404442	Rhinotermitinae	2	1
TBRU1-3_Coptotermes_travians_Brunei_1	1300	148	131	248	0.711548987411056	0.0810071154898741	0.0717022441160372	0.135741652983032	Coptotermitinae	2	1
TBRU2.3A_Schedorhinotermes_sarawakensis_Brunei_1	1294	152	74	257	0.728193584693303	0.0855374226223973	0.0416432189082724	0.144625773776027	Rhinotermitinae	2	1
TBRU3.12b_Nasutitermes_neoparvus_1	1247	198	72	193	0.729239766081871	0.115789473684211	0.0421052631578947	0.112865497076023	Nasutitermitinae	2	1
TBRU3.17a_Nasutitermes_longirostris_1	1223	220	72	199	0.713535589264877	0.128354725787631	0.0420070011668611	0.11610268378063	Nasutitermitinae	2	1
TBRU3.18a_Microcerotermes_nr.havilandi_1	1195	212	141	219	0.676287492925863	0.119977362761743	0.0797962648556876	0.123938879456706	Microcerotermes	2	1
TBRU3.23a_Orientotermes_emersoni_1	1101	305	50	164	0.67962962962963	0.188271604938272	0.0308641975308642	0.101234567901235	Cephalo-group	2	1
TBRU5.4a_Glyptotermes_1	1122	236	147	236	0.644457208500862	0.135554279149914	0.0844342331993107	0.135554279149914	Kalotermitidae	1	1
TBRU7.17B_Heterotermes_tenuior_Brunei_1	1250	154	134	257	0.696378830083565	0.0857938718662953	0.0746518105849582	0.143175487465181	Coptotermitinae	2	1
TBRU8.14E_Labritermes_buttelreepeni_1	1248	172	127	229	0.702702702702703	0.0968468468468468	0.071509009009009	0.128941441441441	Foraminitermitinae	2	1
TBRU8.15B_Procapritermes_martyni_1	1182	270	59	142	0.715063520871143	0.163339382940109	0.0356926799758016	0.0859044162129462	Pericapritermes-group	2	1
TBRU9.12E_Microcerotermes_serrula_1	1205	222	101	190	0.70139697322468	0.129220023282887	0.0587892898719441	0.110593713620489	Microcerotermes	2	1
TBRU9.19A_Macrotermes_sp.B_1	1337	142	71	205	0.761823361823362	0.0809116809116809	0.0404558404558405	0.116809116809117	Macrotermitinae	2	1
TBRU9.19E_Odontotermes_mathuri_1	1326	101	106	270	0.735440931780366	0.0560177481974487	0.0587909040488075	0.149750415973378	Macrotermitinae	2	1
THAI008_Hypotermes_makhamensis_1	1296	98	117	294	0.718005540166205	0.0542936288088643	0.064819944598338	0.162880886426593	Macrotermitinae	2	1
THAI021_Nasutitermes_sp.2_1	1217	221	71	186	0.717994100294985	0.130383480825959	0.0418879056047198	0.109734513274336	Nasutitermitinae	2	1
THAI023_Parrhinotermes_spA_Thailand_1	1223	203	115	203	0.701261467889908	0.116399082568807	0.0659403669724771	0.116399082568807	Rhinotermitinae	2	1
THAI026_Dicuspiditermes_sp.2_1	1252	202	89	160	0.735173223722842	0.118614210217264	0.0522607163828538	0.0939518496770405	Pericapritermes-group	2	1
THAI028_Pericapritermes_sp.2_1	1241	243	85	150	0.721931355439209	0.141361256544503	0.0494473531122746	0.087260034904014	Pericapritermes-group	2	1
THAI031_Glyptotermes_sp3_Thailand_1	1125	203	136	264	0.651041666666667	0.117476851851852	0.0787037037037037	0.152777777777778	Kalotermitidae	1	1
THAI036_Termes_rostratus_1	1249	196	111	204	0.709659090909091	0.111363636363636	0.0630681818181818	0.115909090909091	Termes-group	2	1
THAI037_Procapritermes_sp.1_1	1191	279	60	145	0.711044776119403	0.166567164179104	0.0358208955223881	0.0865671641791045	Pericapritermes-group	2	1
THAI043_Nasutitermes_sp.3_1	1227	217	71	195	0.717543859649123	0.126900584795322	0.0415204678362573	0.114035087719298	Nasutitermitinae	2	1
THAI046_Nasutitermes_matangensis_1	1167	171	186	297	0.640856672158155	0.0939044481054366	0.102141680395387	0.163097199341021	Nasutitermitinae	2	1
THAI052_Hospitalitermes_sp.D_1	1200	184	129	261	0.676437429537768	0.103720405862458	0.07271702367531	0.147125140924464	Nasutitermitinae	2	1
THAI055_Microcerotermes_sp.A_1	1200	183	156	232	0.677583286278938	0.103331451157538	0.088085827216262	0.130999435347261	Microcerotermes	2	1
THAI056_Nasutitermes_sp.1_1	1211	215	71	191	0.717417061611374	0.127369668246445	0.0420616113744076	0.113151658767773	Nasutitermitinae	2	1
THAI061_Pericapritermes_sp.3_1	1228	232	99	150	0.718548858981861	0.135751901696899	0.0579286132241077	0.0877706260971328	Pericapritermes-group	2	1
THAI063_Schedorhinotermes_sp3_Thailand_1	1243	183	93	249	0.703054298642534	0.103506787330317	0.0526018099547511	0.140837104072398	Rhinotermitinae	2	1
THAI064_Odontotermes_javanicus_1	1294	111	136	290	0.706717640633534	0.0606226105953031	0.0742763517203714	0.158383397050792	Macrotermitinae	2	1
THAI067_Hospitalitermes_sp.C_1	1230	200	90	206	0.712630359212051	0.115874855156431	0.052143684820394	0.119351100811124	Nasutitermitinae	2	1
THAI071_Macrotermes_annandalei_1	1352	133	71	212	0.764705882352941	0.0752262443438914	0.040158371040724	0.119909502262443	Macrotermitinae	2	1
THAI076_Globitermes_sulphureus_1	1251	182	101	249	0.701626472237802	0.102075154234436	0.0566461020751542	0.139652271452608	Amitermes-group	2	1
THAI078_Mirocapritermes_sp.2_1	1260	211	63	159	0.744240992321323	0.12463083284111	0.0372120496160662	0.0939161252215003	Pericapritermes-group	2	1
THAI084_Schedorhinosp_Thailand_1	1236	174	118	239	0.699490662139219	0.098471986417657	0.0667798528579513	0.135257498585173	Rhinotermitinae	2	1
THAI088_Microtermes_obesi_Thailand_1	1264	131	117	281	0.704963747908533	0.0730619074177356	0.0652537646402677	0.156720580033463	Macrotermitinae	2	1
THAI091_Aciculitermes_maymyoensis_1	1124	237	106	243	0.657309941520468	0.13859649122807	0.0619883040935673	0.142105263157895	Nasutitermitinae	2	1
THAI093_Bulbitermes_makhamensis_1	1222	186	89	240	0.703511801957398	0.107081174438687	0.051237766263673	0.138169257340242	Nasutitermitinae	2	1
THAI098_Reticulitermes_sp.A_1	1245	184	129	208	0.704983012457531	0.104190260475651	0.0730464326160815	0.117780294450736	Coptotermitinae	2	1
THAI100_Bulbitermes_nr.laticephalus_1	1212	234	65	165	0.723150357995227	0.139618138424821	0.0387828162291169	0.0984486873508353	Nasutitermitinae	2	1
THAI102_Odontotermes_longignathus_1	1320	106	109	271	0.730897009966777	0.0586932447397564	0.0603543743078627	0.150055370985604	Macrotermitinae	2	1
THAI105_Sinocapritermes_sp.1_1	1223	215	51	164	0.739866908650938	0.130066545674531	0.0308529945553539	0.0992135511191772	pericapritermes-group	2	1
THAI108_NODE_1_length_15711_cov_281392_ID_711_1	1207	215	79	194	0.712094395280236	0.126843657817109	0.0466076696165192	0.114454277286136	Kalotermitidae	1	1
THAI115_Odontotermes_sp.10_1	1244	97	178	318	0.677191072400653	0.0528034839412085	0.0968971148611867	0.173108328796952	Macrotermitinae	2	1
TP1.15A_Cryptotermes_sp3_Malaysia_1	1143	222	157	239	0.649063032367973	0.126064735945486	0.0891538898353208	0.135718341851221	Kalotermitidae	1	1
TP1.19B_Pericapritermes_sp.G_1	1217	250	78	170	0.709620991253644	0.145772594752187	0.0454810495626822	0.0991253644314869	Pericapritermes-group	2	1
Tryonicus_parvus_1	862	398	53	147	0.59041095890411	0.272602739726027	0.0363013698630137	0.100684931506849	Tryonicidae	0	0
WA2_Microcerotermes_newmani_1	1220	194	115	224	0.69594980034227	0.110667427267541	0.0656018254420993	0.127780946948089	Microcerotermes	2	1
Z140_Ectobiidae_sp._1	770	475	20	195	0.527397260273973	0.325342465753425	0.0136986301369863	0.133561643835616	Ectobiidae1	0	0
Z95_Rhyparobia_grandis_1	758	590	14	108	0.515646258503401	0.401360544217687	0.00952380952380952	0.073469387755102	Blaberidae	0	0
