Family Subs Number AncestralNuc FrA FrT FrG FrC Normalised1Number Total Normalised2Number
Blaberidae A_C 0.0114285714285714 A 0.483456773268712 0.345565785332074 0.0364729380688731 0.113754135344038 0.0236392828903842 10.8379617669199 0.00218115577437606
Blaberidae A_G 0.0958730158730159 A 0.483456773268712 0.345565785332074 0.0364729380688731 0.113754135344038 0.198307317580445 10.8379617669199 0.0182974734405992
Blaberidae A_T 0.0349206349206349 A 0.483456773268712 0.345565785332074 0.0364729380688731 0.113754135344038 0.0722311421650628 10.8379617669199 0.00666464264392685
Blaberidae C_A 0.0184126984126984 C 0.483456773268712 0.345565785332074 0.0364729380688731 0.113754135344038 0.161863991643126 10.8379617669199 0.014934910744673
Blaberidae C_G 0.0019047619047619 C 0.483456773268712 0.345565785332074 0.0364729380688731 0.113754135344038 0.0167445508596337 10.8379617669199 0.0015449907666903
Blaberidae C_T 0.28 C 0.483456773268712 0.345565785332074 0.0364729380688731 0.113754135344038 2.46144897636616 10.8379617669199 0.227113642703475
Blaberidae G_A 0.229206349206349 G 0.483456773268712 0.345565785332074 0.0364729380688731 0.113754135344038 6.28428531788503 10.8379617669199 0.579840144580158
Blaberidae G_C 0.00698412698412698 G 0.483456773268712 0.345565785332074 0.0364729380688731 0.113754135344038 0.191487918273505 10.8379617669199 0.017668259253135
Blaberidae G_T 0.0203174603174603 G 0.483456773268712 0.345565785332074 0.0364729380688731 0.113754135344038 0.557055762250196 10.8379617669199 0.0513985723727564
Blaberidae T_A 0.0336507936507937 T 0.483456773268712 0.345565785332074 0.0364729380688731 0.113754135344038 0.0973788351715917 10.8379617669199 0.00898497681259737
Blaberidae T_C 0.258412698412698 T 0.483456773268712 0.345565785332074 0.0364729380688731 0.113754135344038 0.747795960657315 10.8379617669199 0.068997840806172
Blaberidae T_G 0.00888888888888889 T 0.483456773268712 0.345565785332074 0.0364729380688731 0.113754135344038 0.0257227111774015 10.8379617669199 0.00237339010144081
Blattidae A_C 0.0212765957446809 A 0.641476858405182 0.271120190451679 0.0168253763994338 0.0705775747437052 0.0331681423357626 26.2946653881511 0.00126140195534524
Blattidae A_G 0.0212765957446809 A 0.641476858405182 0.271120190451679 0.0168253763994338 0.0705775747437052 0.0331681423357626 26.2946653881511 0.00126140195534524
Blattidae C_A 0.0851063829787234 C 0.641476858405182 0.271120190451679 0.0168253763994338 0.0705775747437052 1.20585587260228 26.2946653881511 0.0458593351465756
Blattidae C_T 0.382978723404255 C 0.641476858405182 0.271120190451679 0.0168253763994338 0.0705775747437052 5.42635142671026 26.2946653881511 0.20636700815959
Blattidae G_A 0.276595744680851 G 0.641476858405182 0.271120190451679 0.0168253763994338 0.0705775747437052 16.4392010089093 26.2946653881511 0.625191489081172
Blattidae G_C 0.0425531914893617 G 0.641476858405182 0.271120190451679 0.0168253763994338 0.0705775747437052 2.52910784752451 26.2946653881511 0.096183306012488
Blattidae T_A 0.0212765957446809 T 0.641476858405182 0.271120190451679 0.0168253763994338 0.0705775747437052 0.0784766184666462 26.2946653881511 0.00298450721118548
Blattidae T_C 0.148936170212766 T 0.641476858405182 0.271120190451679 0.0168253763994338 0.0705775747437052 0.549336329266522 26.2946653881511 0.0208915504782983
Cryptocercidae A_C 0.0319410319410319 A 0.732954545454545 0.159090909090909 0.0170454545454545 0.0909090909090909 0.0435784621831133 13.2996617880339 0.00327665942770982
Cryptocercidae A_G 0.0565110565110565 A 0.732954545454545 0.159090909090909 0.0170454545454545 0.0909090909090909 0.0771003561701236 13.2996617880339 0.00579716667979431
Cryptocercidae A_T 0.0368550368550369 A 0.732954545454545 0.159090909090909 0.0170454545454545 0.0909090909090909 0.0502828409805155 13.2996617880339 0.00378076087812673
Cryptocercidae C_A 0.0540540540540541 C 0.732954545454545 0.159090909090909 0.0170454545454545 0.0909090909090909 0.594594594594595 13.2996617880339 0.0447074973838485
Cryptocercidae C_G 0.00737100737100737 C 0.732954545454545 0.159090909090909 0.0170454545454545 0.0909090909090909 0.0810810810810811 13.2996617880339 0.00609647691597934
Cryptocercidae C_T 0.383292383292383 C 0.732954545454545 0.159090909090909 0.0170454545454545 0.0909090909090909 4.21621621621621 13.2996617880339 0.317016799630926
Cryptocercidae G_A 0.0958230958230958 G 0.732954545454545 0.159090909090909 0.0170454545454545 0.0909090909090909 5.62162162162162 13.2996617880339 0.422689066174568
Cryptocercidae G_C 0.00737100737100737 G 0.732954545454545 0.159090909090909 0.0170454545454545 0.0909090909090909 0.432432432432432 13.2996617880339 0.0325145435518898
Cryptocercidae G_T 0.00245700245700246 G 0.732954545454545 0.159090909090909 0.0170454545454545 0.0909090909090909 0.144144144144144 13.2996617880339 0.0108381811839633
Cryptocercidae T_A 0.0368550368550369 T 0.732954545454545 0.159090909090909 0.0170454545454545 0.0909090909090909 0.231660231660232 13.2996617880339 0.0174185054742267
Cryptocercidae T_C 0.28009828009828 T 0.732954545454545 0.159090909090909 0.0170454545454545 0.0909090909090909 1.76061776061776 13.2996617880339 0.132380641604123
Cryptocercidae T_G 0.00737100737100737 T 0.732954545454545 0.159090909090909 0.0170454545454545 0.0909090909090909 0.0463320463320463 13.2996617880339 0.00348370109484534
Ectobiidae A_C 0.032258064516129 A 0.546564885496183 0.288549618320611 0.0186335403726708 0.123664122137405 0.0590196431789511 17.5134810096322 0.00336995501616675
Ectobiidae A_G 0.165898617511521 A 0.546564885496183 0.288549618320611 0.0186335403726708 0.123664122137405 0.303529593491749 17.5134810096322 0.0173311972260005
Ectobiidae A_T 0.0414746543778802 A 0.546564885496183 0.288549618320611 0.0186335403726708 0.123664122137405 0.0758823983729372 17.5134810096322 0.00433279930650012
Ectobiidae C_A 0.0460829493087558 C 0.546564885496183 0.288549618320611 0.0186335403726708 0.123664122137405 0.372646071570803 17.5134810096322 0.0212776701197125
Ectobiidae C_T 0.175115207373272 C 0.546564885496183 0.288549618320611 0.0186335403726708 0.123664122137405 1.41605507196905 17.5134810096322 0.0808551464549076
Ectobiidae G_A 0.258064516129032 G 0.546564885496183 0.288549618320611 0.0186335403726708 0.123664122137405 13.8494623655914 17.5134810096322 0.790788670623183
Ectobiidae G_T 0.00921658986175115 G 0.546564885496183 0.288549618320611 0.0186335403726708 0.123664122137405 0.494623655913978 17.5134810096322 0.0282424525222566
Ectobiidae T_A 0.0460829493087558 T 0.546564885496183 0.288549618320611 0.0186335403726708 0.123664122137405 0.15970545924463 17.5134810096322 0.00911900147987679
Ectobiidae T_C 0.211981566820276 T 0.546564885496183 0.288549618320611 0.0186335403726708 0.123664122137405 0.734645112525295 17.5134810096322 0.0419474068074331
Ectobiidae T_G 0.0138248847926267 T 0.546564885496183 0.288549618320611 0.0186335403726708 0.123664122137405 0.0479116377733888 17.5134810096322 0.00273570044396303
