Family Subs Number AncestralNuc FrA FrT FrG FrC Normalised1Number Total Normalised2Number
Hodotermitidae A_G 0.126984126984127 A 0.790229885057471 0.0632183908045977 0.0201149425287356 0.126436781609195 0.160692640692641 15.6739888682746 0.0102521854547119
Hodotermitidae C_A 0.0158730158730159 C 0.790229885057471 0.0632183908045977 0.0201149425287356 0.126436781609195 0.125541125541126 15.6739888682746 0.00800951988649367
Hodotermitidae C_T 0.380952380952381 C 0.790229885057471 0.0632183908045977 0.0201149425287356 0.126436781609195 3.01298701298701 15.6739888682746 0.192228477275848
Hodotermitidae G_A 0.142857142857143 G 0.790229885057471 0.0632183908045977 0.0201149425287356 0.126436781609195 7.10204081632654 15.6739888682746 0.453109982150213
Hodotermitidae T_C 0.333333333333333 T 0.790229885057471 0.0632183908045977 0.0201149425287356 0.126436781609195 5.27272727272727 15.6739888682746 0.336399835232733
Mastotermitidae A_C 0.1 A 0.482029598308668 0.228329809725159 0.13953488372093 0.150105708245243 0.207456140350877 4.70425761194849 0.0440996555596685
Mastotermitidae A_G 0.1 A 0.482029598308668 0.228329809725159 0.13953488372093 0.150105708245243 0.207456140350877 4.70425761194849 0.0440996555596685
Mastotermitidae C_T 0.1 C 0.482029598308668 0.228329809725159 0.13953488372093 0.150105708245243 0.666197183098592 4.70425761194849 0.141615795318372
Mastotermitidae G_A 0.2 G 0.482029598308668 0.228329809725159 0.13953488372093 0.150105708245243 1.43333333333333 4.70425761194849 0.304688529321346
Mastotermitidae T_C 0.5 T 0.482029598308668 0.228329809725159 0.13953488372093 0.150105708245243 2.18981481481481 4.70425761194849 0.465496364240945
Rhinotermitidae A_C 0.00583941605839416 A 0.725449469693347 0.094718588259938 0.0653970022935539 0.114434939753161 0.00804937670002367 9.30247356416985 0.000865294230023646
Rhinotermitidae A_G 0.166423357664234 A 0.725449469693347 0.094718588259938 0.0653970022935539 0.114434939753161 0.229407235950675 9.30247356416985 0.024660885555674
Rhinotermitidae A_T 0.0175182481751825 A 0.725449469693347 0.094718588259938 0.0653970022935539 0.114434939753161 0.024148130100071 9.30247356416985 0.00259588269007094
Rhinotermitidae C_A 0.00437956204379562 C 0.725449469693347 0.094718588259938 0.0653970022935539 0.114434939753161 0.0382711963080721 9.30247356416985 0.00411408815559342
Rhinotermitidae C_T 0.316788321167883 C 0.725449469693347 0.094718588259938 0.0653970022935539 0.114434939753161 2.76828319961721 9.30247356416985 0.297585709921257
Rhinotermitidae G_A 0.221897810218978 G 0.725449469693347 0.094718588259938 0.0653970022935539 0.114434939753161 3.39308840522879 9.30247356416985 0.364751201045911
Rhinotermitidae G_C 0.00291970802919708 G 0.725449469693347 0.094718588259938 0.0653970022935539 0.114434939753161 0.0446459000687999 9.30247356416985 0.00479935790849883
Rhinotermitidae G_T 0.00145985401459854 G 0.725449469693347 0.094718588259938 0.0653970022935539 0.114434939753161 0.0223229500343999 9.30247356416985 0.00239967895424941
Rhinotermitidae T_A 0.0160583941605839 T 0.725449469693347 0.094718588259938 0.0653970022935539 0.114434939753161 0.169537938176555 9.30247356416985 0.0182250384273663
Rhinotermitidae T_C 0.243795620437956 T 0.725449469693347 0.094718588259938 0.0653970022935539 0.114434939753161 2.57389415231679 9.30247356416985 0.276689219760925
Rhinotermitidae T_G 0.00291970802919708 T 0.725449469693347 0.094718588259938 0.0653970022935539 0.114434939753161 0.0308250796684645 9.30247356416985 0.00331364335043024
Termitidae A_C 0.010443864229765 A 0.749073741748593 0.0782025736320935 0.0712757493224729 0.10144793529684 0.0139423712882866 11.0345550117587 0.00126351912455276
Termitidae A_G 0.0809399477806789 A 0.749073741748593 0.0782025736320935 0.0712757493224729 0.10144793529684 0.108053377484221 11.0345550117587 0.00979227321528389
Termitidae A_T 0.0169712793733681 A 0.749073741748593 0.0782025736320935 0.0712757493224729 0.10144793529684 0.0226563533434657 11.0345550117587 0.00205321857739823
Termitidae C_A 0.0221932114882507 C 0.749073741748593 0.0782025736320935 0.0712757493224729 0.10144793529684 0.218764545806798 11.0345550117587 0.0198254071481521
Termitidae C_G 0.00130548302872063 C 0.749073741748593 0.0782025736320935 0.0712757493224729 0.10144793529684 0.0128685026945175 11.0345550117587 0.00116620042047953
Termitidae C_T 0.251958224543081 C 0.749073741748593 0.0782025736320935 0.0712757493224729 0.10144793529684 2.48362102004188 11.0345550117587 0.22507668115255
Termitidae G_A 0.22845953002611 G 0.749073741748593 0.0782025736320935 0.0712757493224729 0.10144793529684 3.20529117122979 11.0345550117587 0.290477610362552
Termitidae G_C 0.00261096605744125 G 0.749073741748593 0.0782025736320935 0.0712757493224729 0.10144793529684 0.0366318990997689 11.0345550117587 0.00331974411842916
Termitidae G_T 0.00652741514360313 G 0.749073741748593 0.0782025736320935 0.0712757493224729 0.10144793529684 0.0915797477494224 11.0345550117587 0.0082993602960729
Termitidae T_A 0.0248041775456919 T 0.749073741748593 0.0782025736320935 0.0712757493224729 0.10144793529684 0.317178532542726 11.0345550117587 0.0287441162969175
Termitidae T_C 0.348563968668407 T 0.749073741748593 0.0782025736320935 0.0712757493224729 0.10144793529684 4.45719306257409 11.0345550117587 0.403930476382998
Termitidae T_G 0.00522193211488251 T 0.749073741748593 0.0782025736320935 0.0712757493224729 0.10144793529684 0.0667744279037318 11.0345550117587 0.00605139290461422
Termopsidae A_C 0.00662251655629139 A 0.6925705734854 0.14457913274948 0.0273929540491055 0.135457339716015 0.00956222630563584 9.45427150421964 0.00101141862716424
Termopsidae A_G 0.0662251655629139 A 0.6925705734854 0.14457913274948 0.0273929540491055 0.135457339716015 0.0956222630563584 9.45427150421964 0.0101141862716424
Termopsidae A_T 0.0662251655629139 A 0.6925705734854 0.14457913274948 0.0273929540491055 0.135457339716015 0.0956222630563584 9.45427150421964 0.0101141862716424
Termopsidae C_A 0.00662251655629139 C 0.6925705734854 0.14457913274948 0.0273929540491055 0.135457339716015 0.0488900532830147 9.45427150421964 0.00517121316657704
Termopsidae C_T 0.344370860927152 C 0.6925705734854 0.14457913274948 0.0273929540491055 0.135457339716015 2.54228277071676 9.45427150421964 0.268903084662006
Termopsidae G_A 0.105960264900662 G 0.6925705734854 0.14457913274948 0.0273929540491055 0.135457339716015 3.86815765509314 9.45427150421964 0.409143914829048
Termopsidae T_A 0.0264900662251656 T 0.6925705734854 0.14457913274948 0.0273929540491055 0.135457339716015 0.183221919521861 9.45427150421964 0.0193798030276669
Termopsidae T_C 0.377483443708609 T 0.6925705734854 0.14457913274948 0.0273929540491055 0.135457339716015 2.61091235318651 9.45427150421964 0.276162193144253
